[  14.   39.   64.   89.  114.  139.  164.  189.  214.  239.  264.  289.
  314.  339.  364.  389.  414.  439.  464.  489.], [  2.60735948e-04   5.76482108e-05   1.54459184e-05   4.90817379e-06
   1.61329203e-06   7.20864191e-07   4.14117017e-07   3.22294458e-07
   2.90673666e-07   2.70242655e-07   2.69590330e-07   2.68947586e-07
   2.65784326e-07   2.59537596e-07   2.70152680e-07   2.63512626e-07
   2.62492464e-07   2.66543470e-07   2.65610078e-07   2.66877411e-07], [  14.   39.   64.   89.  114.  139.  164.  189.  214.  239.  264.  289.
  314.  339.  364.  389.  414.  439.  464.  489.], [  1.11010165e-04   4.46783222e-05   1.68149295e-05   7.51835622e-06
   3.46762940e-06   1.65680401e-06   7.54599112e-07   3.98894932e-07
   2.25221164e-07   1.42563843e-07   1.08024692e-07   9.10730172e-08
   8.34057056e-08   8.14608269e-08   7.72716877e-08   7.77105108e-08
   7.72706830e-08   7.60073198e-08   7.73909908e-08   7.57842890e-08], [  14.   39.   64.   89.  114.  139.  164.  189.  214.  239.  264.  289.
  314.  339.  364.  389.  414.  439.  464.  489.], [  5.79121202e-05   2.88338313e-05   1.54121523e-05   8.46149439e-06
   4.96102920e-06   2.75552761e-06   1.57964947e-06   9.25201251e-07
   5.40824459e-07   3.13596261e-07   1.94116824e-07   1.25349782e-07
   8.77868750e-08   6.62641056e-08   5.52080510e-08   4.85121205e-08
   4.54470922e-08   4.41275597e-08   4.28589559e-08   4.20754060e-08], [  14.   39.   64.   89.  114.  139.  164.  189.  214.  239.  264.  289.
  314.  339.  364.  389.  414.  439.  464.  489.], [  3.48815386e-05   2.14528092e-05   1.32866365e-05   8.40390783e-06
   5.24417030e-06   3.42161153e-06   2.20536249e-06   1.44605794e-06
   9.43188124e-07   6.02278232e-07   3.96709146e-07   2.63664750e-07
   1.77195846e-07   1.23131480e-07   8.69748288e-08   6.59868302e-08
   5.22443563e-08   4.41094019e-08   3.88541043e-08   3.54877746e-08], [  14.   39.   64.   89.  114.  139.  164.  189.  214.  239.  264.  289.
  314.  339.  364.  389.  414.  439.  464.  489.], [  2.27188983e-05   1.70683827e-05   1.11574282e-05   7.78295041e-06
   5.03045185e-06   3.43225155e-06   2.55941924e-06   1.74476782e-06
   1.22426527e-06   8.58645891e-07   6.21925050e-07   4.24859706e-07
   2.99446551e-07   2.20262899e-07   1.56398499e-07   1.14987931e-07
   8.66261775e-08   6.65584006e-08   5.36753775e-08   4.40099771e-08], [  14.   39.   64.   89.  114.  139.  164.  189.  214.  239.  264.  289.
  314.  339.  364.  389.  414.  439.  464.  489.], [  1.57910389e-05   1.43085562e-05   9.39709063e-06   6.82213647e-06
   4.91729488e-06   3.40976878e-06   2.50889139e-06   1.88145009e-06
   1.39660076e-06   1.02628154e-06   7.86323700e-07   5.78491912e-07
   4.29859103e-07   3.24190236e-07   2.38553847e-07   1.81544851e-07
   1.37273627e-07   1.06589189e-07   8.42293600e-08   6.62920967e-08], [  14.   39.   64.   89.  114.  139.  164.  189.  214.  239.  264.  289.
  314.  339.  364.  389.  414.  439.  464.  489.], [  1.30818059e-05   1.11058370e-05   8.02823356e-06   5.89778142e-06
   4.63209322e-06   3.39046659e-06   2.48146042e-06   1.87710502e-06
   1.50367593e-06   1.16176970e-06   8.75597478e-07   6.78709585e-07
   5.36787603e-07   4.21165470e-07   3.15105599e-07   2.48714450e-07
   1.92039206e-07   1.54752812e-07   1.23136697e-07   9.66331345e-08], [  14.   39.   64.   89.  114.  139.  164.  189.  214.  239.  264.  289.
  314.  339.  364.  389.  414.  439.  464.  489.], [  1.10500641e-05   9.64177141e-06   7.21087207e-06   5.31351048e-06
   4.16917368e-06   3.35816677e-06   2.49836305e-06   1.90195904e-06
   1.53608042e-06   1.22820207e-06   9.73643237e-07   7.57788400e-07
   6.04365735e-07   4.95346171e-07   3.90126127e-07   3.16742794e-07
   2.45318254e-07   1.99240726e-07   1.62166354e-07   1.30618390e-07], [  14.   39.   64.   89.  114.  139.  164.  189.  214.  239.  264.  289.
  314.  339.  364.  389.  414.  439.  464.  489.], [  8.14515581e-06   7.94211416e-06   6.41625813e-06   4.85555795e-06
   3.79943389e-06   3.11973863e-06   2.51577143e-06   1.90934545e-06
   1.52310317e-06   1.22963275e-06   1.01026441e-06   8.28853802e-07
   6.67200259e-07   5.35083217e-07   4.48880811e-07   3.70302895e-07
   3.00635898e-07   2.45670268e-07   2.00279545e-07   1.65476367e-07], [  14.   39.   64.   89.  114.  139.  164.  189.  214.  239.  264.  289.
  314.  339.  364.  389.  414.  439.  464.  489.], [  6.50250301e-06   6.98906262e-06   5.84262930e-06   4.50190352e-06
   3.48752122e-06   2.88526335e-06   2.48697660e-06   1.92343031e-06
   1.52572994e-06   1.21132808e-06   1.00883360e-06   8.77391699e-07
   7.29577425e-07   5.80627793e-07   4.86644632e-07   4.04727121e-07
   3.38465572e-07   2.89154722e-07   2.36207274e-07   1.96269538e-07], 
[  14.   39.   64.   89.  114.  139.  164.  189.  214.  239.  264.  289.
  314.  339.  364.  389.  414.  439.  464.  489.], [  2.69944971e-04   5.72240132e-05   1.51659357e-05   4.74468912e-06
   1.69998743e-06   6.96522221e-07   4.28047766e-07   3.18746605e-07
   2.82187574e-07   2.72387770e-07   2.61911958e-07   2.64612537e-07
   2.66692963e-07   2.69820753e-07   2.62257194e-07   2.68151275e-07
   2.71783919e-07   2.67626452e-07   2.66664233e-07   2.66035094e-07], [  14.   39.   64.   89.  114.  139.  164.  189.  214.  239.  264.  289.
  314.  339.  364.  389.  414.  439.  464.  489.], [  1.15382777e-04   4.38253829e-05   1.75080059e-05   7.64936899e-06
   3.53167873e-06   1.57545783e-06   7.89890658e-07   3.99291638e-07
   2.23393594e-07   1.43558069e-07   1.09653519e-07   8.86712009e-08
   8.41564317e-08   8.01863195e-08   8.01375179e-08   7.82156311e-08
   7.72434369e-08   7.63518110e-08   7.76597238e-08   7.78201140e-08], [  14.   39.   64.   89.  114.  139.  164.  189.  214.  239.  264.  289.
  314.  339.  364.  389.  414.  439.  464.  489.], [  5.96234577e-05   2.95209836e-05   1.64301902e-05   8.25518349e-06
   5.00017796e-06   2.68442563e-06   1.59777789e-06   9.35361070e-07
   5.47783993e-07   3.21634475e-07   1.90128319e-07   1.23456619e-07
   8.94558587e-08   6.75612887e-08   5.59812576e-08   4.90674472e-08
   4.48715377e-08   4.36598308e-08   4.25241138e-08   4.19773409e-08], [  14.   39.   64.   89.  114.  139.  164.  189.  214.  239.  264.  289.
  314.  339.  364.  389.  414.  439.  464.  489.], [  4.11262732e-05   2.09505313e-05   1.31607753e-05   8.11784293e-06
   5.25749987e-06   3.34146337e-06   2.20411603e-06   1.45857269e-06
   9.30417332e-07   6.07680922e-07   3.95114012e-07   2.58290129e-07
   1.81607972e-07   1.21660187e-07   8.87414024e-08   6.51245731e-08
   5.32261890e-08   4.37586526e-08   3.91062666e-08   3.50667828e-08], [  14.   39.   64.   89.  114.  139.  164.  189.  214.  239.  264.  289.
  314.  339.  364.  389.  414.  439.  464.  489.], [  2.30363695e-05   1.74889239e-05   1.09719347e-05   7.60484486e-06
   5.03002913e-06   3.52632562e-06   2.50800026e-06   1.77799628e-06
   1.20830373e-06   8.65575186e-07   6.22729798e-07   4.30709203e-07
   3.04007355e-07   2.19714844e-07   1.60502143e-07   1.17673859e-07
   8.87513477e-08   6.84946975e-08   5.39470297e-08   4.45810488e-08], [  14.   39.   64.   89.  114.  139.  164.  189.  214.  239.  264.  289.
  314.  339.  364.  389.  414.  439.  464.  489.], [  1.56591035e-05   1.41117232e-05   9.44513862e-06   6.73692215e-06
   4.93565828e-06   3.41585557e-06   2.53368663e-06   1.94100601e-06
   1.38823050e-06   1.02149272e-06   7.74471137e-07   5.83717380e-07
   4.38051743e-07   3.19676286e-07   2.46799331e-07   1.83889585e-07
   1.37695207e-07   1.08717794e-07   8.38863768e-08   6.62649641e-08], [  14.   39.   64.   89.  114.  139.  164.  189.  214.  239.  264.  289.
  314.  339.  364.  389.  414.  439.  464.  489.], [  1.29388955e-05   1.11028226e-05   7.94414916e-06   6.01584010e-06
   4.61752808e-06   3.32835059e-06   2.49631324e-06   1.90656973e-06
   1.49492365e-06   1.15936706e-06   8.75629844e-07   6.84564295e-07
   5.37921194e-07   4.11436408e-07   3.18122214e-07   2.51056373e-07
   1.93340101e-07   1.54646794e-07   1.23093237e-07   9.65945075e-08], [  14.   39.   64.   89.  114.  139.  164.  189.  214.  239.  264.  289.
  314.  339.  364.  389.  414.  439.  464.  489.], [  9.72048731e-06   9.25209175e-06   7.15437559e-06   5.36047945e-06
   4.12336311e-06   3.31544303e-06   2.47371620e-06   1.91120990e-06
   1.50337207e-06   1.22647703e-06   9.71443922e-07   7.61242764e-07
   6.00725810e-07   4.82976502e-07   3.93671635e-07   3.15901762e-07
   2.44581216e-07   2.00079298e-07   1.59342900e-07   1.29780565e-07], [  14.   39.   64.   89.  114.  139.  164.  189.  214.  239.  264.  289.
  314.  339.  364.  389.  414.  439.  464.  489.], [  8.08537517e-06   7.80307838e-06   6.45680225e-06   4.76694361e-06
   3.78321126e-06   3.16916444e-06   2.50663307e-06   1.93096050e-06
   1.48684179e-06   1.20400811e-06   1.01649357e-06   8.49710758e-07
   6.66768688e-07   5.36400152e-07   4.49212032e-07   3.69303762e-07
   2.94426133e-07   2.43574112e-07   1.97491736e-07   1.62426045e-07], [  14.   39.   64.   89.  114.  139.  164.  189.  214.  239.  264.  289.
  314.  339.  364.  389.  414.  439.  464.  489.], [  6.46124604e-06   7.22389723e-06   5.87731383e-06   4.46938964e-06
   3.44534425e-06   2.95142580e-06   2.50191672e-06   1.93802611e-06
   1.51996420e-06   1.18537557e-06   1.01795369e-06   8.89994141e-07
   7.20845262e-07   5.87796102e-07   4.90524649e-07   4.04624539e-07
   3.37117523e-07   2.83230129e-07   2.36971306e-07   1.93837895e-07], 
[  14.   39.   64.   89.  114.  139.  164.  189.  214.  239.  264.  289.
  314.  339.  364.  389.  414.  439.  464.  489.], [  2.49550264e-04   5.86843038e-05   1.55624358e-05   4.77167742e-06
   1.63180374e-06   7.13534739e-07   4.11701760e-07   3.15871758e-07
   2.87358293e-07   2.72060853e-07   2.73939910e-07   2.68562280e-07
   2.68249448e-07   2.67899496e-07   2.69357224e-07   2.66107035e-07
   2.68813391e-07   2.67574086e-07   2.64138777e-07   2.65525912e-07], [  14.   39.   64.   89.  114.  139.  164.  189.  214.  239.  264.  289.
  314.  339.  364.  389.  414.  439.  464.  489.], [  1.09551775e-04   4.45090280e-05   1.71278092e-05   7.37527424e-06
   3.49907439e-06   1.67228633e-06   7.65455527e-07   3.95546460e-07
   2.26930419e-07   1.45065446e-07   1.07990690e-07   9.04292745e-08
   8.19350795e-08   8.01502516e-08   7.87046001e-08   7.78336726e-08
   7.69074631e-08   7.72053793e-08   7.71179341e-08   7.64646925e-08], [  14.   39.   64.   89.  114.  139.  164.  189.  214.  239.  264.  289.
  314.  339.  364.  389.  414.  439.  464.  489.], [  5.75007190e-05   2.92665927e-05   1.57442714e-05   8.41938389e-06
   5.13857702e-06   2.75483798e-06   1.59434063e-06   9.27705272e-07
   5.38589376e-07   3.17694786e-07   1.96346802e-07   1.25613488e-07
   8.58169348e-08   6.77179971e-08   5.65735749e-08   4.83835323e-08
   4.52666194e-08   4.28478971e-08   4.25514772e-08   4.14502403e-08], [  14.   39.   64.   89.  114.  139.  164.  189.  214.  239.  264.  289.
  314.  339.  364.  389.  414.  439.  464.  489.], [  3.47981420e-05   2.14110282e-05   1.28350554e-05   8.34084817e-06
   5.24221649e-06   3.43010891e-06   2.19524702e-06   1.44348842e-06
   9.30215820e-07   6.12004614e-07   4.06475859e-07   2.59817011e-07
   1.76963888e-07   1.23830316e-07   8.65408408e-08   6.48534496e-08
   5.19108504e-08   4.42589847e-08   3.90519358e-08   3.55075791e-08], [  14.   39.   64.   89.  114.  139.  164.  189.  214.  239.  264.  289.
  314.  339.  364.  389.  414.  439.  464.  489.], [  2.21648309e-05   1.72266786e-05   1.06632851e-05   7.81204747e-06
   4.93537424e-06   3.42843677e-06   2.50396315e-06   1.76555285e-06
   1.21156294e-06   8.62189952e-07   6.15964240e-07   4.22248209e-07
   3.01368819e-07   2.20382840e-07   1.58182228e-07   1.15307761e-07
   8.62876378e-08   6.70767461e-08   5.40233270e-08   4.39240405e-08], [  14.   39.   64.   89.  114.  139.  164.  189.  214.  239.  264.  289.
  314.  339.  364.  389.  414.  439.  464.  489.], [  1.68802002e-05   1.41013753e-05   9.32143264e-06   6.93708785e-06
   4.93007939e-06   3.41890888e-06   2.52641228e-06   1.89827597e-06
   1.39388876e-06   1.03711269e-06   7.63095516e-07   5.84388443e-07
   4.29050737e-07   3.20217148e-07   2.43176584e-07   1.82391593e-07
   1.38758439e-07   1.08470905e-07   8.48779385e-08   6.62460319e-08], [  14.   39.   64.   89.  114.  139.  164.  189.  214.  239.  264.  289.
  314.  339.  364.  389.  414.  439.  464.  489.], [  1.30458519e-05   1.08174596e-05   8.05742800e-06   6.12916986e-06
   4.57504974e-06   3.44346077e-06   2.52163104e-06   1.91570852e-06
   1.51146845e-06   1.17143196e-06   8.63286536e-07   6.89880706e-07
   5.37516184e-07   4.18285190e-07   3.23548198e-07   2.50088956e-07
   1.94528247e-07   1.56947056e-07   1.21608392e-07   9.58544389e-08], [  14.   39.   64.   89.  114.  139.  164.  189.  214.  239.  264.  289.
  314.  339.  364.  389.  414.  439.  464.  489.], [  9.85436536e-06   9.56785740e-06   7.02783655e-06   5.32061576e-06
   4.11060476e-06   3.35776555e-06   2.48440076e-06   1.93277186e-06
   1.49416673e-06   1.23094210e-06   9.58814352e-07   7.65847410e-07
   6.03587531e-07   5.01023631e-07   3.91205861e-07   3.16032234e-07
   2.47711444e-07   2.00712148e-07   1.62154014e-07   1.30793700e-07], [  14.   39.   64.   89.  114.  139.  164.  189.  214.  239.  264.  289.
  314.  339.  364.  389.  414.  439.  464.  489.], [  7.53122291e-06   8.06283999e-06   6.44908873e-06   4.78619929e-06
   3.76896941e-06   3.13913304e-06   2.47966471e-06   1.92176652e-06
   1.49832016e-06   1.21360911e-06   9.93904847e-07   8.40967042e-07
   6.66024166e-07   5.34665493e-07   4.43926992e-07   3.64907809e-07
   2.97557814e-07   2.42409366e-07   1.98081665e-07   1.62813797e-07], [  14.   39.   64.   89.  114.  139.  164.  189.  214.  239.  264.  289.
  314.  339.  364.  389.  414.  439.  464.  489.], [  7.22866045e-06   7.38001806e-06   5.96949991e-06   4.53163620e-06
   3.42043899e-06   2.95327928e-06   2.45405784e-06   1.93668730e-06
   1.54308511e-06   1.18763889e-06   1.00514165e-06   8.81852402e-07
   7.33951815e-07   5.85105337e-07   4.83842607e-07   4.01381925e-07
   3.34798888e-07   2.85571749e-07   2.36473400e-07   1.98489962e-07], 
[  14.   39.   64.   89.  114.  139.  164.  189.  214.  239.  264.  289.
  314.  339.  364.  389.  414.  439.  464.  489.], [  2.61688538e-04   5.48908215e-05   1.51121666e-05   4.71979446e-06
   1.66159972e-06   7.26298448e-07   4.22549555e-07   3.20488293e-07
   2.89093013e-07   2.76637383e-07   2.66783565e-07   2.64252608e-07
   2.62166031e-07   2.66373673e-07   2.68459484e-07   2.68406018e-07
   2.65955230e-07   2.65381227e-07   2.65453382e-07   2.66318807e-07], [  14.   39.   64.   89.  114.  139.  164.  189.  214.  239.  264.  289.
  314.  339.  364.  389.  414.  439.  464.  489.], [  1.04496988e-04   4.36496610e-05   1.76514405e-05   7.65682360e-06
   3.53296778e-06   1.60513790e-06   7.91100569e-07   4.04740715e-07
   2.21044890e-07   1.47503785e-07   1.06610270e-07   9.21703773e-08
   8.54709628e-08   7.92182932e-08   7.82580377e-08   7.61444639e-08
   7.69124279e-08   7.68780625e-08   7.65669802e-08   7.67846514e-08], [  14.   39.   64.   89.  114.  139.  164.  189.  214.  239.  264.  289.
  314.  339.  364.  389.  414.  439.  464.  489.], [  5.45855830e-05   2.94154492e-05   1.64768272e-05   8.37605464e-06
   5.06797786e-06   2.69203756e-06   1.61784443e-06   9.33062157e-07
   5.37228448e-07   3.18276591e-07   1.90378149e-07   1.24525730e-07
   8.74338308e-08   6.74518366e-08   5.54852026e-08   4.92759158e-08
   4.62144225e-08   4.33027950e-08   4.31082059e-08   4.20566088e-08], [  14.   39.   64.   89.  114.  139.  164.  189.  214.  239.  264.  289.
  314.  339.  364.  389.  414.  439.  464.  489.], [  3.46473690e-05   2.16567001e-05   1.34001132e-05   7.85614535e-06
   5.25486997e-06   3.34257710e-06   2.16914612e-06   1.44109634e-06
   9.46726400e-07   6.12929694e-07   3.96143676e-07   2.58388470e-07
   1.81375316e-07   1.21203357e-07   8.74775131e-08   6.61175347e-08
   5.27204523e-08   4.43876230e-08   3.86685533e-08   3.55474100e-08], [  14.   39.   64.   89.  114.  139.  164.  189.  214.  239.  264.  289.
  314.  339.  364.  389.  414.  439.  464.  489.], [  2.26886660e-05   1.79888452e-05   1.07838514e-05   7.52135587e-06
   4.94659542e-06   3.46732431e-06   2.47067368e-06   1.75764230e-06
   1.24143909e-06   8.73235039e-07   6.26125435e-07   4.23889861e-07
   3.04164578e-07   2.17603289e-07   1.58168386e-07   1.14650348e-07
   8.80562461e-08   6.77242335e-08   5.45302092e-08   4.46556765e-08], [  14.   39.   64.   89.  114.  139.  164.  189.  214.  239.  264.  289.
  314.  339.  364.  389.  414.  439.  464.  489.], [  1.54035037e-05   1.44055148e-05   9.17034582e-06   6.83561748e-06
   4.91759957e-06   3.45010225e-06   2.54648110e-06   1.91655990e-06
   1.40598824e-06   1.02374036e-06   7.83313933e-07   5.78301209e-07
   4.29664749e-07   3.17341885e-07   2.44220488e-07   1.81755208e-07
   1.39537266e-07   1.07889424e-07   8.28365388e-08   6.69902978e-08], [  14.   39.   64.   89.  114.  139.  164.  189.  214.  239.  264.  289.
  314.  339.  364.  389.  414.  439.  464.  489.], [  1.32530562e-05   1.11928498e-05   7.99969390e-06   5.98617896e-06
   4.60696297e-06   3.50642801e-06   2.49999319e-06   1.90988123e-06
   1.52943443e-06   1.16604730e-06   8.87704591e-07   6.89248129e-07
   5.28475252e-07   4.15731484e-07   3.20849891e-07   2.49692961e-07
   1.92009065e-07   1.53707349e-07   1.20949434e-07   9.75718852e-08], [  14.   39.   64.   89.  114.  139.  164.  189.  214.  239.  264.  289.
  314.  339.  364.  389.  414.  439.  464.  489.], [  1.02061133e-05   9.34675935e-06   6.98542431e-06   5.26060883e-06
   4.13049310e-06   3.40023881e-06   2.51086636e-06   1.92118929e-06
   1.53869876e-06   1.23113311e-06   9.76645063e-07   7.67359480e-07
   5.91543324e-07   4.87913609e-07   3.86645539e-07   3.17296321e-07
   2.48413338e-07   2.01286473e-07   1.61146328e-07   1.32296786e-07], [  14.   39.   64.   89.  114.  139.  164.  189.  214.  239.  264.  289.
  314.  339.  364.  389.  414.  439.  464.  489.], [  8.62310491e-06   8.08502661e-06   6.52795225e-06   4.76194172e-06
   3.74532465e-06   3.15072825e-06   2.54548453e-06   1.91004801e-06
   1.49368840e-06   1.22131103e-06   1.03386898e-06   8.31105949e-07
   6.67184830e-07   5.37401928e-07   4.42664546e-07   3.67536497e-07
   2.99546600e-07   2.45904261e-07   1.97983881e-07   1.63890579e-07], [  14.   39.   64.   89.  114.  139.  164.  189.  214.  239.  264.  289.
  314.  339.  364.  389.  414.  439.  464.  489.], [  6.71260043e-06   7.26140767e-06   6.06752148e-06   4.49754913e-06
   3.43311822e-06   2.92291204e-06   2.49626641e-06   1.88440770e-06
   1.53763996e-06   1.19216865e-06   1.03892368e-06   8.68066775e-07
   7.33363249e-07   5.89290601e-07   4.72625592e-07   4.01900135e-07
   3.37598094e-07   2.89370914e-07   2.36340825e-07   1.93475051e-07], 
[  14.   39.   64.   89.  114.  139.  164.  189.  214.  239.  264.  289.
  314.  339.  364.  389.  414.  439.  464.  489.], [  2.46263731e-04   5.70354452e-05   1.58155039e-05   4.71410249e-06
   1.63080008e-06   7.08978380e-07   4.13435437e-07   3.14771813e-07
   2.81842834e-07   2.72928005e-07   2.65053842e-07   2.68762467e-07
   2.67212745e-07   2.58035405e-07   2.68521360e-07   2.68818475e-07
   2.62137168e-07   2.61861946e-07   2.65470202e-07   2.68558324e-07], [  14.   39.   64.   89.  114.  139.  164.  189.  214.  239.  264.  289.
  314.  339.  364.  389.  414.  439.  464.  489.], [  1.02784158e-04   4.46557649e-05   1.74061178e-05   7.39544838e-06
   3.43401294e-06   1.68668341e-06   7.64838615e-07   3.89718159e-07
   2.25544597e-07   1.45472434e-07   1.08370882e-07   8.99672404e-08
   8.29747589e-08   7.97835177e-08   7.78081323e-08   7.58050537e-08
   7.72846262e-08   7.65430249e-08   7.73580664e-08   7.63959107e-08], [  14.   39.   64.   89.  114.  139.  164.  189.  214.  239.  264.  289.
  314.  339.  364.  389.  414.  439.  464.  489.], [  6.06014086e-05   3.08678775e-05   1.62293709e-05   8.50593114e-06
   5.11268427e-06   2.78566768e-06   1.61448614e-06   9.04144401e-07
   5.33949278e-07   3.21499667e-07   1.98793846e-07   1.25072308e-07
   9.13660247e-08   6.64483012e-08   5.46973165e-08   4.98029405e-08
   4.61532557e-08   4.40427744e-08   4.32986533e-08   4.23205656e-08], [  14.   39.   64.   89.  114.  139.  164.  189.  214.  239.  264.  289.
  314.  339.  364.  389.  414.  439.  464.  489.], [  3.75230059e-05   2.21281192e-05   1.36174263e-05   8.55403120e-06
   5.22119189e-06   3.41242685e-06   2.20433223e-06   1.41947765e-06
   9.26209813e-07   6.17620933e-07   4.05405791e-07   2.62356767e-07
   1.78147573e-07   1.25411012e-07   8.96613968e-08   6.71107551e-08
   5.22561801e-08   4.43203030e-08   3.85300046e-08   3.44408294e-08], [  14.   39.   64.   89.  114.  139.  164.  189.  214.  239.  264.  289.
  314.  339.  364.  389.  414.  439.  464.  489.], [  2.36879010e-05   1.80663048e-05   1.09221616e-05   7.81108453e-06
   4.89679830e-06   3.34840267e-06   2.49535346e-06   1.76645921e-06
   1.21791553e-06   8.67586226e-07   6.21608210e-07   4.26394988e-07
   3.08635199e-07   2.22720950e-07   1.61489989e-07   1.15551367e-07
   8.61389188e-08   6.75168192e-08   5.34861035e-08   4.39644609e-08], [  14.   39.   64.   89.  114.  139.  164.  189.  214.  239.  264.  289.
  314.  339.  364.  389.  414.  439.  464.  489.], [  1.61204406e-05   1.43188429e-05   9.18592293e-06   6.96982077e-06
   4.87524581e-06   3.39404816e-06   2.56223541e-06   1.91900680e-06
   1.37213564e-06   1.03138821e-06   7.76054007e-07   5.78606776e-07
   4.39761492e-07   3.17724992e-07   2.42438209e-07   1.81360941e-07
   1.39369920e-07   1.08099567e-07   8.38446030e-08   6.53691097e-08], [  14.   39.   64.   89.  114.  139.  164.  189.  214.  239.  264.  289.
  314.  339.  364.  389.  414.  439.  464.  489.], [  1.20964865e-05   1.13006363e-05   8.02503104e-06   6.10902646e-06
   4.42571468e-06   3.51961811e-06   2.51867449e-06   1.86848937e-06
   1.46687518e-06   1.18925218e-06   8.65231955e-07   6.87229665e-07
   5.31881668e-07   4.14221061e-07   3.17120833e-07   2.48759683e-07
   1.96594557e-07   1.55968132e-07   1.21589753e-07   9.78750400e-08], [  14.   39.   64.   89.  114.  139.  164.  189.  214.  239.  264.  289.
  314.  339.  364.  389.  414.  439.  464.  489.], [  9.11398258e-06   9.65893615e-06   6.95831911e-06   5.36404379e-06
   4.13433520e-06   3.38924449e-06   2.52625108e-06   1.88190749e-06
   1.50324630e-06   1.25106173e-06   9.70980164e-07   7.68105363e-07
   5.99654002e-07   4.86675964e-07   3.85446488e-07   3.16799775e-07
   2.45320105e-07   2.00083092e-07   1.61264106e-07   1.30762406e-07], [  14.   39.   64.   89.  114.  139.  164.  189.  214.  239.  264.  289.
  314.  339.  364.  389.  414.  439.  464.  489.], [  7.72118103e-06   8.45571125e-06   6.37614137e-06   4.87475961e-06
   3.76693510e-06   3.14183827e-06   2.52095444e-06   1.91708410e-06
   1.47783470e-06   1.21650636e-06   9.99739830e-07   8.31071191e-07
   6.57035110e-07   5.27228778e-07   4.37603488e-07   3.68697989e-07
   2.99020034e-07   2.44735590e-07   1.99266474e-07   1.64811315e-07], [  14.   39.   64.   89.  114.  139.  164.  189.  214.  239.  264.  289.
  314.  339.  364.  389.  414.  439.  464.  489.], [  6.96576580e-06   7.22442747e-06   5.91919941e-06   4.48801360e-06
   3.39737814e-06   2.92958757e-06   2.46397275e-06   1.90887419e-06
   1.51806172e-06   1.20475803e-06   1.00060035e-06   8.84260142e-07
   7.19674445e-07   5.85258806e-07   4.79197737e-07   4.05177879e-07
   3.37028133e-07   2.87021856e-07   2.39838818e-07   1.95943769e-07], 
[  14.   39.   64.   89.  114.  139.  164.  189.  214.  239.  264.  289.
  314.  339.  364.  389.  414.  439.  464.  489.], [  2.47632699e-04   5.37672718e-05   1.52718910e-05   4.60936174e-06
   1.68746511e-06   7.11949272e-07   4.26097381e-07   3.25806800e-07
   2.86975691e-07   2.72667288e-07   2.70149867e-07   2.67823421e-07
   2.66841805e-07   2.71191798e-07   2.65894897e-07   2.66224685e-07
   2.60920632e-07   2.63361574e-07   2.64974316e-07   2.68309111e-07], [  14.   39.   64.   89.  114.  139.  164.  189.  214.  239.  264.  289.
  314.  339.  364.  389.  414.  439.  464.  489.], [  1.01500945e-04   4.22705860e-05   1.75451107e-05   7.41395676e-06
   3.53889725e-06   1.62577148e-06   7.92173013e-07   3.91650857e-07
   2.17286989e-07   1.42352564e-07   1.08864580e-07   9.06874595e-08
   8.26801199e-08   7.97705303e-08   7.87284847e-08   7.71236396e-08
   7.70272301e-08   7.73158796e-08   7.77032985e-08   7.55948655e-08], [  14.   39.   64.   89.  114.  139.  164.  189.  214.  239.  264.  289.
  314.  339.  364.  389.  414.  439.  464.  489.], [  5.59083680e-05   2.97846593e-05   1.65362688e-05   8.41941453e-06
   5.01236927e-06   2.71751243e-06   1.59728001e-06   9.15392876e-07
   5.27043128e-07   3.22885526e-07   1.95644034e-07   1.25592738e-07
   8.76546377e-08   6.78335841e-08   5.62743706e-08   4.93104583e-08
   4.56488665e-08   4.37097284e-08   4.28466045e-08   4.27349142e-08], [  14.   39.   64.   89.  114.  139.  164.  189.  214.  239.  264.  289.
  314.  339.  364.  389.  414.  439.  464.  489.], [  3.60892632e-05   2.15036071e-05   1.37620273e-05   8.17710904e-06
   5.35518614e-06   3.39977869e-06   2.15172209e-06   1.42671955e-06
   9.49848293e-07   6.03588718e-07   3.97734659e-07   2.58621728e-07
   1.77920263e-07   1.19911384e-07   8.92412444e-08   6.51062277e-08
   5.21107021e-08   4.40040562e-08   3.89568282e-08   3.51490069e-08], [  14.   39.   64.   89.  114.  139.  164.  189.  214.  239.  264.  289.
  314.  339.  364.  389.  414.  439.  464.  489.], [  2.19244483e-05   1.81340180e-05   1.07794282e-05   7.47054383e-06
   5.04457170e-06   3.45819831e-06   2.44587888e-06   1.76254102e-06
   1.22767629e-06   8.68835181e-07   6.22499178e-07   4.29979136e-07
   3.01832492e-07   2.16880128e-07   1.58924859e-07   1.16098141e-07
   8.91112641e-08   6.53759036e-08   5.38997496e-08   4.38512947e-08], [  14.   39.   64.   89.  114.  139.  164.  189.  214.  239.  264.  289.
  314.  339.  364.  389.  414.  439.  464.  489.], [  1.55438323e-05   1.45357232e-05   8.92619661e-06   6.61114826e-06
   4.88030845e-06   3.48244541e-06   2.53435450e-06   1.91650297e-06
   1.38747843e-06   1.03538316e-06   7.71757674e-07   5.79211647e-07
   4.31556490e-07   3.14387116e-07   2.46340978e-07   1.83843679e-07
   1.39726580e-07   1.07994599e-07   8.29225310e-08   6.69258254e-08], [  14.   39.   64.   89.  114.  139.  164.  189.  214.  239.  264.  289.
  314.  339.  364.  389.  414.  439.  464.  489.], [  1.21118540e-05   1.17832971e-05   8.14302364e-06   5.97207930e-06
   4.57176356e-06   3.47714584e-06   2.44670407e-06   1.89443384e-06
   1.49666475e-06   1.16911142e-06   8.67482906e-07   6.94734442e-07
   5.32300843e-07   4.08464686e-07   3.23194030e-07   2.47690442e-07
   1.96553226e-07   1.54370511e-07   1.21679521e-07   9.71390062e-08], [  14.   39.   64.   89.  114.  139.  164.  189.  214.  239.  264.  289.
  314.  339.  364.  389.  414.  439.  464.  489.], [  1.00354930e-05   9.70682087e-06   7.21908275e-06   5.24931775e-06
   4.10667861e-06   3.41171131e-06   2.48310554e-06   1.87552622e-06
   1.51030795e-06   1.22867683e-06   9.73284973e-07   7.54116380e-07
   5.99939022e-07   4.87302457e-07   3.91705811e-07   3.17093197e-07
   2.48288264e-07   1.97789334e-07   1.61185312e-07   1.31828403e-07], [  14.   39.   64.   89.  114.  139.  164.  189.  214.  239.  264.  289.
  314.  339.  364.  389.  414.  439.  464.  489.], [  7.63526349e-06   8.16712034e-06   6.56208561e-06   4.83365238e-06
   3.75409352e-06   3.20328906e-06   2.54290741e-06   1.88160077e-06
   1.46337595e-06   1.23301991e-06   1.01611836e-06   8.25522085e-07
   6.67404895e-07   5.38017993e-07   4.40393024e-07   3.65498596e-07
   2.98901596e-07   2.45615323e-07   1.96954970e-07   1.64078069e-07], [  14.   39.   64.   89.  114.  139.  164.  189.  214.  239.  264.  289.
  314.  339.  364.  389.  414.  439.  464.  489.], [  6.48459852e-06   7.46347162e-06   6.06513010e-06   4.60082732e-06
   3.40687036e-06   2.94164032e-06   2.45375582e-06   1.88816121e-06
   1.50178133e-06   1.19902855e-06   1.02567998e-06   8.67956436e-07
   7.30741165e-07   5.91841008e-07   4.85591307e-07   4.00185938e-07
   3.38851623e-07   2.89899536e-07   2.33746296e-07   1.97745196e-07], 
[  14.   39.   64.   89.  114.  139.  164.  189.  214.  239.  264.  289.
  314.  339.  364.  389.  414.  439.  464.  489.], [  2.54332848e-04   5.45105450e-05   1.54118158e-05   4.63437672e-06
   1.61170110e-06   7.25965630e-07   4.23073609e-07   3.17592649e-07
   2.87235976e-07   2.71350817e-07   2.66384444e-07   2.69535507e-07
   2.67827865e-07   2.60738177e-07   2.68348606e-07   2.64625063e-07
   2.64265635e-07   2.64962727e-07   2.65256354e-07   2.68346451e-07], [  14.   39.   64.   89.  114.  139.  164.  189.  214.  239.  264.  289.
  314.  339.  364.  389.  414.  439.  464.  489.], [  1.16440407e-04   4.25478916e-05   1.73591467e-05   7.57708645e-06
   3.43344453e-06   1.66198100e-06   7.58457324e-07   3.88504400e-07
   2.30157571e-07   1.43112483e-07   1.07176841e-07   9.10300722e-08
   8.19732874e-08   7.80485877e-08   8.00779397e-08   7.64098904e-08
   7.63523154e-08   7.66981897e-08   7.63490554e-08   7.71247762e-08], [  14.   39.   64.   89.  114.  139.  164.  189.  214.  239.  264.  289.
  314.  339.  364.  389.  414.  439.  464.  489.], [  5.36995544e-05   3.09635415e-05   1.66878206e-05   8.61590668e-06
   5.07623525e-06   2.78105678e-06   1.59196199e-06   8.96339411e-07
   5.44014909e-07   3.13984520e-07   1.92432853e-07   1.25590455e-07
   8.96383079e-08   6.85113596e-08   5.63518848e-08   4.99390612e-08
   4.53379866e-08   4.37916539e-08   4.21221808e-08   4.18971251e-08], [  14.   39.   64.   89.  114.  139.  164.  189.  214.  239.  264.  289.
  314.  339.  364.  389.  414.  439.  464.  489.], [  3.39233337e-05   2.25660329e-05   1.36807977e-05   8.47031141e-06
   5.12312425e-06   3.29363033e-06   2.17407777e-06   1.41708404e-06
   9.28688027e-07   6.15606416e-07   3.94347187e-07   2.63283539e-07
   1.79051517e-07   1.22919837e-07   8.95308636e-08   6.58492839e-08
   5.18900286e-08   4.40846284e-08   3.91842571e-08   3.52226293e-08], [  14.   39.   64.   89.  114.  139.  164.  189.  214.  239.  264.  289.
  314.  339.  364.  389.  414.  439.  464.  489.], [  2.23686163e-05   1.81279649e-05   1.11664044e-05   7.64748600e-06
   4.87983936e-06   3.36468192e-06   2.44236765e-06   1.72729594e-06
   1.22143427e-06   8.65593155e-07   6.11005489e-07   4.34016001e-07
   3.07720524e-07   2.19263031e-07   1.57395384e-07   1.15468447e-07
   8.67415929e-08   6.77242954e-08   5.47359596e-08   4.48039950e-08], [  14.   39.   64.   89.  114.  139.  164.  189.  214.  239.  264.  289.
  314.  339.  364.  389.  414.  439.  464.  489.], [  1.49002782e-05   1.45542878e-05   9.26074466e-06   6.91220851e-06
   4.96775493e-06   3.41991209e-06   2.51084181e-06   1.90524168e-06
   1.37385996e-06   1.03758754e-06   7.79250808e-07   5.79947371e-07
   4.36255570e-07   3.18311855e-07   2.40825777e-07   1.83125940e-07
   1.38540226e-07   1.06681242e-07   8.28834404e-08   6.70075981e-08], [  14.   39.   64.   89.  114.  139.  164.  189.  214.  239.  264.  289.
  314.  339.  364.  389.  414.  439.  464.  489.], [  1.26019565e-05   1.17694854e-05   8.05909752e-06   5.99909225e-06
   4.60534368e-06   3.46737478e-06   2.51556807e-06   1.88916204e-06
   1.51468680e-06   1.16442716e-06   8.81587923e-07   6.85872367e-07
   5.45142543e-07   4.02647011e-07   3.13083419e-07   2.51965604e-07
   1.93032481e-07   1.56474343e-07   1.22197382e-07   9.76452430e-08], [  14.   39.   64.   89.  114.  139.  164.  189.  214.  239.  264.  289.
  314.  339.  364.  389.  414.  439.  464.  489.], [  9.97043786e-06   9.88603410e-06   7.18494403e-06   5.25559314e-06
   4.17689714e-06   3.38635992e-06   2.55332570e-06   1.89998748e-06
   1.54120604e-06   1.23238772e-06   9.90893429e-07   7.55500448e-07
   6.04373857e-07   4.81276855e-07   3.91198756e-07   3.14026000e-07
   2.49432999e-07   1.98016652e-07   1.62745510e-07   1.31092269e-07], [  14.   39.   64.   89.  114.  139.  164.  189.  214.  239.  264.  289.
  314.  339.  364.  389.  414.  439.  464.  489.], [  8.19475871e-06   8.42834586e-06   6.42459485e-06   4.79830833e-06
   3.77335118e-06   3.21610403e-06   2.55025680e-06   1.91826876e-06
   1.50534288e-06   1.22039710e-06   1.02330671e-06   8.19594601e-07
   6.65817492e-07   5.36237916e-07   4.44153098e-07   3.65230437e-07
   3.01251369e-07   2.43522471e-07   1.99919367e-07   1.62966680e-07], [  14.   39.   64.   89.  114.  139.  164.  189.  214.  239.  264.  289.
  314.  339.  364.  389.  414.  439.  464.  489.], [  6.68340658e-06   7.72927057e-06   5.70333058e-06   4.40349777e-06
   3.37102715e-06   2.94647555e-06   2.49535249e-06   1.91738329e-06
   1.50161728e-06   1.22534694e-06   1.02864635e-06   8.74814213e-07
   7.28016251e-07   5.86479119e-07   4.84916421e-07   3.97788802e-07
   3.39680668e-07   2.81540052e-07   2.37231691e-07   1.95786942e-07], 
[  14.   39.   64.   89.  114.  139.  164.  189.  214.  239.  264.  289.
  314.  339.  364.  389.  414.  439.  464.  489.], [  2.52078979e-04   5.34528133e-05   1.58540889e-05   4.68270429e-06
   1.70122852e-06   7.04544013e-07   4.22559424e-07   3.20875411e-07
   2.89434827e-07   2.74288481e-07   2.71174404e-07   2.69064457e-07
   2.68440508e-07   2.71106556e-07   2.72482567e-07   2.68997691e-07
   2.66695402e-07   2.69113697e-07   2.67516147e-07   2.72501224e-07], [  14.   39.   64.   89.  114.  139.  164.  189.  214.  239.  264.  289.
  314.  339.  364.  389.  414.  439.  464.  489.], [  1.05272315e-04   4.19414106e-05   1.78806983e-05   7.36651275e-06
   3.60413115e-06   1.60126139e-06   7.77827803e-07   4.01693993e-07
   2.21405904e-07   1.42786782e-07   1.06848063e-07   9.03029838e-08
   8.36408442e-08   8.01538186e-08   7.82064603e-08   7.82475675e-08
   7.76822935e-08   7.63646160e-08   7.63031750e-08   7.68716485e-08], [  14.   39.   64.   89.  114.  139.  164.  189.  214.  239.  264.  289.
  314.  339.  364.  389.  414.  439.  464.  489.], [  5.20278965e-05   2.92562795e-05   1.66939403e-05   8.27983085e-06
   5.05890573e-06   2.76355885e-06   1.61275406e-06   9.23359366e-07
   5.26198549e-07   3.10635029e-07   1.92826747e-07   1.23906758e-07
   8.88102597e-08   6.69962968e-08   5.51422290e-08   4.97979568e-08
   4.51227561e-08   4.36148403e-08   4.34641531e-08   4.19547691e-08], [  14.   39.   64.   89.  114.  139.  164.  189.  214.  239.  264.  289.
  314.  339.  364.  389.  414.  439.  464.  489.], [  3.36723683e-05   2.17800505e-05   1.38605958e-05   8.35307851e-06
   5.44580415e-06   3.41973021e-06   2.19934968e-06   1.44225677e-06
   9.39749496e-07   6.09184617e-07   4.01029491e-07   2.61947658e-07
   1.74217298e-07   1.23948025e-07   8.82613512e-08   6.77627719e-08
   5.34141780e-08   4.47567552e-08   3.87600775e-08   3.50095656e-08], [  14.   39.   64.   89.  114.  139.  164.  189.  214.  239.  264.  289.
  314.  339.  364.  389.  414.  439.  464.  489.], [  2.34605690e-05   1.75944905e-05   1.08671710e-05   7.80920196e-06
   5.07423077e-06   3.38479886e-06   2.47285535e-06   1.76022812e-06
   1.23393439e-06   8.68245952e-07   6.26200339e-07   4.28719946e-07
   3.00859977e-07   2.23185395e-07   1.58710201e-07   1.14350514e-07
   8.63138261e-08   6.85882658e-08   5.33923006e-08   4.45919610e-08], [  14.   39.   64.   89.  114.  139.  164.  189.  214.  239.  264.  289.
  314.  339.  364.  389.  414.  439.  464.  489.], [  1.64363142e-05   1.47204492e-05   9.08787845e-06   6.86669662e-06
   4.82352606e-06   3.42380334e-06   2.54987087e-06   1.88610284e-06
   1.39802064e-06   1.02165121e-06   7.92995552e-07   5.81878474e-07
   4.27978560e-07   3.23468170e-07   2.42353675e-07   1.80377727e-07
   1.39943736e-07   1.09628665e-07   8.42695098e-08   6.65786435e-08], [  14.   39.   64.   89.  114.  139.  164.  189.  214.  239.  264.  289.
  314.  339.  364.  389.  414.  439.  464.  489.], [  1.32570614e-05   1.18008693e-05   8.02514259e-06   6.08135130e-06
   4.40386452e-06   3.49738975e-06   2.51615439e-06   1.88726746e-06
   1.50783854e-06   1.16438669e-06   8.92583823e-07   6.85139354e-07
   5.31772690e-07   4.14161911e-07   3.18885009e-07   2.50743322e-07
   1.94736643e-07   1.55011257e-07   1.22751181e-07   9.74576351e-08], [  14.   39.   64.   89.  114.  139.  164.  189.  214.  239.  264.  289.
  314.  339.  364.  389.  414.  439.  464.  489.], [  1.00416716e-05   9.84232983e-06   7.19887394e-06   5.32930388e-06
   4.09225234e-06   3.37429032e-06   2.50262061e-06   1.92856490e-06
   1.51610630e-06   1.23716683e-06   9.92770886e-07   7.52125228e-07
   5.93746940e-07   4.78987414e-07   3.88194027e-07   3.11504954e-07
   2.49172589e-07   2.02161810e-07   1.63773326e-07   1.33027352e-07], [  14.   39.   64.   89.  114.  139.  164.  189.  214.  239.  264.  289.
  314.  339.  364.  389.  414.  439.  464.  489.], [  8.69734797e-06   8.42107684e-06   6.50621856e-06   4.80281304e-06
   3.78052487e-06   3.16640364e-06   2.48858858e-06   1.91979260e-06
   1.46261618e-06   1.22021040e-06   1.03859674e-06   8.23628095e-07
   6.58908158e-07   5.26619502e-07   4.39458717e-07   3.65643525e-07
   2.98352368e-07   2.49753426e-07   1.99856923e-07   1.66143681e-07], [  14.   39.   64.   89.  114.  139.  164.  189.  214.  239.  264.  289.
  314.  339.  364.  389.  414.  439.  464.  489.], [  6.58627670e-06   7.01634679e-06   5.94559959e-06   4.39644089e-06
   3.49767123e-06   2.94391850e-06   2.42572067e-06   1.91045716e-06
   1.49248749e-06   1.21695243e-06   1.04010317e-06   8.72539770e-07
   7.34887625e-07   5.81115236e-07   4.86929998e-07   4.00822047e-07
   3.37972423e-07   2.91122026e-07   2.36691647e-07   1.96862063e-07], 
[  14.   39.   64.   89.  114.  139.  164.  189.  214.  239.  264.  289.
  314.  339.  364.  389.  414.  439.  464.  489.], [  2.65439146e-04   5.19481906e-05   1.52149029e-05   4.49015933e-06
   1.64703597e-06   6.95792411e-07   4.08929588e-07   3.11846148e-07
   2.81418811e-07   2.65803347e-07   2.69153654e-07   2.68996446e-07
   2.66155245e-07   2.69174338e-07   2.62066065e-07   2.63374308e-07
   2.66408767e-07   2.65179383e-07   2.61095627e-07   2.62325974e-07], [  14.   39.   64.   89.  114.  139.  164.  189.  214.  239.  264.  289.
  314.  339.  364.  389.  414.  439.  464.  489.], [  1.18144661e-04   4.21478325e-05   1.72382790e-05   7.30564561e-06
   3.53567410e-06   1.65184870e-06   7.74791046e-07   3.95323450e-07
   2.26700106e-07   1.43578169e-07   1.04765867e-07   8.97656804e-08
   8.37977708e-08   7.99454553e-08   7.82599191e-08   7.68588234e-08
   7.74581425e-08   7.61151745e-08   7.74280379e-08   7.67076278e-08], [  14.   39.   64.   89.  114.  139.  164.  189.  214.  239.  264.  289.
  314.  339.  364.  389.  414.  439.  464.  489.], [  5.59536444e-05   3.11134835e-05   1.63679543e-05   8.55722572e-06
   5.09839717e-06   2.77188251e-06   1.58076733e-06   9.16330281e-07
   5.38755209e-07   3.19985873e-07   1.96191701e-07   1.23839145e-07
   8.89527438e-08   6.61470286e-08   5.51072238e-08   4.95191222e-08
   4.59260402e-08   4.33571870e-08   4.26117030e-08   4.20774152e-08], [  14.   39.   64.   89.  114.  139.  164.  189.  214.  239.  264.  289.
  314.  339.  364.  389.  414.  439.  464.  489.], [  3.25201980e-05   2.35417004e-05   1.38268659e-05   8.46464305e-06
   5.10830871e-06   3.37644659e-06   2.15406625e-06   1.44220732e-06
   9.47543023e-07   6.00577738e-07   4.05271123e-07   2.63485661e-07
   1.79154621e-07   1.20583178e-07   8.90514093e-08   6.60171534e-08
   5.21185201e-08   4.34700193e-08   3.92177577e-08   3.53566036e-08], [  14.   39.   64.   89.  114.  139.  164.  189.  214.  239.  264.  289.
  314.  339.  364.  389.  414.  439.  464.  489.], [  2.19262474e-05   1.87859279e-05   1.14114416e-05   7.81653556e-06
   4.92206285e-06   3.38762650e-06   2.52899827e-06   1.83497046e-06
   1.22123827e-06   8.68946451e-07   6.18295809e-07   4.35623752e-07
   3.04071065e-07   2.18286779e-07   1.57051036e-07   1.15104793e-07
   8.60338632e-08   6.76219378e-08   5.33651109e-08   4.43438002e-08], [  14.   39.   64.   89.  114.  139.  164.  189.  214.  239.  264.  289.
  314.  339.  364.  389.  414.  439.  464.  489.], [  1.64067022e-05   1.48410179e-05   9.18904845e-06   6.82958806e-06
   4.97522274e-06   3.39177502e-06   2.55577046e-06   1.93296811e-06
   1.38474884e-06   1.03540564e-06   7.88579607e-07   5.88362426e-07
   4.36210293e-07   3.20846700e-07   2.36797174e-07   1.82022252e-07
   1.38613115e-07   1.06764829e-07   8.44283701e-08   6.71179139e-08], [  14.   39.   64.   89.  114.  139.  164.  189.  214.  239.  264.  289.
  314.  339.  364.  389.  414.  439.  464.  489.], [  1.25628891e-05   1.21786148e-05   8.12232938e-06   5.85192107e-06
   4.47462472e-06   3.45477381e-06   2.51091897e-06   1.86238479e-06
   1.52493992e-06   1.15331498e-06   8.86555309e-07   6.88058888e-07
   5.37787630e-07   4.12028958e-07   3.19299042e-07   2.49733742e-07
   1.98009027e-07   1.55759898e-07   1.23785680e-07   9.77474397e-08], [  14.   39.   64.   89.  114.  139.  164.  189.  214.  239.  264.  289.
  314.  339.  364.  389.  414.  439.  464.  489.], [  9.92737998e-06   1.00008237e-05   7.08822294e-06   5.26660351e-06
   4.15067233e-06   3.34708375e-06   2.54598750e-06   1.88365418e-06
   1.52036548e-06   1.23639625e-06   9.81783759e-07   7.57954465e-07
   6.01094359e-07   4.86404494e-07   3.95100239e-07   3.16272049e-07
   2.49910424e-07   2.01054212e-07   1.61580225e-07   1.30671387e-07], [  14.   39.   64.   89.  114.  139.  164.  189.  214.  239.  264.  289.
  314.  339.  364.  389.  414.  439.  464.  489.], [  8.28114096e-06   7.91961488e-06   6.32961191e-06   4.83440441e-06
   3.80912396e-06   3.10975162e-06   2.53713023e-06   1.92496320e-06
   1.45140959e-06   1.22651035e-06   1.03740593e-06   8.13708321e-07
   6.50284224e-07   5.32079853e-07   4.44434654e-07   3.72540560e-07
   2.99569216e-07   2.47709477e-07   1.99589334e-07   1.63146774e-07], [  14.   39.   64.   89.  114.  139.  164.  189.  214.  239.  264.  289.
  314.  339.  364.  389.  414.  439.  464.  489.], [  7.31706335e-06   6.86830075e-06   6.04216922e-06   4.42871310e-06
   3.43584352e-06   2.91302269e-06   2.45996998e-06   1.95580217e-06
   1.49307548e-06   1.22175020e-06   1.05145911e-06   8.72239219e-07
   7.15990057e-07   5.82728326e-07   4.79705959e-07   4.00627960e-07
   3.38670424e-07   2.88086870e-07   2.38474856e-07   1.95949231e-07], 
[  14.   39.   64.   89.  114.  139.  164.  189.  214.  239.  264.  289.
  314.  339.  364.  389.  414.  439.  464.  489.], [  2.71235277e-04   5.56427992e-05   1.59269010e-05   4.56590773e-06
   1.64456853e-06   7.24274087e-07   4.24987342e-07   3.20748592e-07
   2.87261680e-07   2.77920737e-07   2.71070693e-07   2.69152759e-07
   2.69209944e-07   2.73007542e-07   2.65305666e-07   2.69618515e-07
   2.65161456e-07   2.67039008e-07   2.72248173e-07   2.65713822e-07], [  14.   39.   64.   89.  114.  139.  164.  189.  214.  239.  264.  289.
  314.  339.  364.  389.  414.  439.  464.  489.], [  1.19965867e-04   4.23048964e-05   1.80932176e-05   7.52750900e-06
   3.57610479e-06   1.59200170e-06   7.69827945e-07   3.81151995e-07
   2.22210196e-07   1.40002668e-07   1.08303012e-07   9.10629610e-08
   8.26377258e-08   7.96690707e-08   7.76644625e-08   7.69055494e-08
   7.60798236e-08   7.63295424e-08   7.69860754e-08   7.69253123e-08], [  14.   39.   64.   89.  114.  139.  164.  189.  214.  239.  264.  289.
  314.  339.  364.  389.  414.  439.  464.  489.], [  5.44464876e-05   2.89525990e-05   1.64925467e-05   8.33658137e-06
   4.99874848e-06   2.72888848e-06   1.61397131e-06   9.09815890e-07
   5.37692493e-07   3.18190108e-07   1.96809510e-07   1.24861678e-07
   8.89324969e-08   6.70428375e-08   5.53416550e-08   4.85547940e-08
   4.52589853e-08   4.38251211e-08   4.20742810e-08   4.21942738e-08], [  14.   39.   64.   89.  114.  139.  164.  189.  214.  239.  264.  289.
  314.  339.  364.  389.  414.  439.  464.  489.], [  3.02269542e-05   2.24478177e-05   1.37562737e-05   8.30430655e-06
   5.27372288e-06   3.41825481e-06   2.18719604e-06   1.43002746e-06
   9.49065406e-07   6.15469116e-07   4.05378509e-07   2.61209082e-07
   1.77302113e-07   1.25443420e-07   8.89844100e-08   6.62707608e-08
   5.23366142e-08   4.48492588e-08   3.82654496e-08   3.52048047e-08], [  14.   39.   64.   89.  114.  139.  164.  189.  214.  239.  264.  289.
  314.  339.  364.  389.  414.  439.  464.  489.], [  2.32119004e-05   1.76980619e-05   1.09337041e-05   7.68735359e-06
   4.96599358e-06   3.35436350e-06   2.49397608e-06   1.75080448e-06
   1.21428656e-06   8.80331776e-07   6.12744524e-07   4.24225001e-07
   3.00684126e-07   2.23798126e-07   1.63445749e-07   1.15506675e-07
   8.74287334e-08   6.78523283e-08   5.39262452e-08   4.41064794e-08], [  14.   39.   64.   89.  114.  139.  164.  189.  214.  239.  264.  289.
  314.  339.  364.  389.  414.  439.  464.  489.], [  1.75868228e-05   1.52140560e-05   9.08858886e-06   6.80132885e-06
   4.90642062e-06   3.40311228e-06   2.52586817e-06   1.89577791e-06
   1.39044807e-06   1.03407542e-06   7.85491737e-07   5.77424535e-07
   4.30483046e-07   3.19577568e-07   2.45387634e-07   1.79169364e-07
   1.39002921e-07   1.09261922e-07   8.45133723e-08   6.63693320e-08], [  14.   39.   64.   89.  114.  139.  164.  189.  214.  239.  264.  289.
  314.  339.  364.  389.  414.  439.  464.  489.], [  1.30774268e-05   1.25578275e-05   8.02999949e-06   6.01830608e-06
   4.47144539e-06   3.47689530e-06   2.49563335e-06   1.90372245e-06
   1.50937949e-06   1.17779803e-06   9.04282284e-07   6.80583618e-07
   5.40735882e-07   4.14157268e-07   3.16827451e-07   2.46552494e-07
   1.96614837e-07   1.56787306e-07   1.22297570e-07   9.75010982e-08], [  14.   39.   64.   89.  114.  139.  164.  189.  214.  239.  264.  289.
  314.  339.  364.  389.  414.  439.  464.  489.], [  1.03896122e-05   9.70677535e-06   7.15510669e-06   5.26098338e-06
   4.17196165e-06   3.35145544e-06   2.53965100e-06   1.94791821e-06
   1.49907770e-06   1.25369208e-06   9.95289281e-07   7.53779393e-07
   6.01985768e-07   4.83509509e-07   3.90605662e-07   3.16497297e-07
   2.49568392e-07   1.98752651e-07   1.61359471e-07   1.32723077e-07], [  14.   39.   64.   89.  114.  139.  164.  189.  214.  239.  264.  289.
  314.  339.  364.  389.  414.  439.  464.  489.], [  8.51107542e-06   8.34137282e-06   6.35046588e-06   4.80262378e-06
   3.95918235e-06   3.16144921e-06   2.52030567e-06   1.90629827e-06
   1.45433497e-06   1.23182314e-06   1.02473700e-06   8.29675992e-07
   6.61718285e-07   5.30515722e-07   4.37951766e-07   3.66948613e-07
   3.01403194e-07   2.43418030e-07   1.97725682e-07   1.66372309e-07], [  14.   39.   64.   89.  114.  139.  164.  189.  214.  239.  264.  289.
  314.  339.  364.  389.  414.  439.  464.  489.], [  7.03442232e-06   7.21343154e-06   6.00766455e-06   4.42673041e-06
   3.54211836e-06   2.93258544e-06   2.48579671e-06   1.92818554e-06
   1.49282691e-06   1.21820607e-06   1.01635929e-06   8.90885713e-07
   7.28170862e-07   5.83539446e-07   4.82728043e-07   4.02980148e-07
   3.40503093e-07   2.88745905e-07   2.36900626e-07   1.95371636e-07], 
