[  14.   39.   64.   89.  114.  139.  164.  189.  214.  239.  264.  289.
  314.  339.  364.  389.  414.  439.  464.  489.], [  2.63038423e-04   5.75818136e-05   1.55638162e-05   4.93763441e-06
   1.60426748e-06   7.16815909e-07   4.13683661e-07   3.14863611e-07
   2.80410104e-07   2.70317363e-07   2.70725411e-07   2.66236945e-07
   2.68380119e-07   2.74390494e-07   2.69510207e-07   2.64801092e-07
   2.62380365e-07   2.66950977e-07   2.61119933e-07   2.67550090e-07], [  14.   39.   64.   89.  114.  139.  164.  189.  214.  239.  264.  289.
  314.  339.  364.  389.  414.  439.  464.  489.], [  1.10631766e-04   4.46809008e-05   1.68383417e-05   7.51988252e-06
   3.47187706e-06   1.65764090e-06   7.59393662e-07   3.99800372e-07
   2.26839129e-07   1.41297134e-07   1.08502310e-07   9.04716106e-08
   8.31589824e-08   7.95305543e-08   7.75163077e-08   7.77143626e-08
   7.72614294e-08   7.60304213e-08   7.62080156e-08   7.57255072e-08], [  14.   39.   64.   89.  114.  139.  164.  189.  214.  239.  264.  289.
  314.  339.  364.  389.  414.  439.  464.  489.], [  5.79776099e-05   2.87779363e-05   1.53977986e-05   8.47916266e-06
   4.95257530e-06   2.74408191e-06   1.58065456e-06   9.29978977e-07
   5.39676871e-07   3.19213367e-07   1.92240855e-07   1.25073696e-07
   8.79325350e-08   6.72273892e-08   5.56830867e-08   4.89369984e-08
   4.53286430e-08   4.34230105e-08   4.27160695e-08   4.20306671e-08], [  14.   39.   64.   89.  114.  139.  164.  189.  214.  239.  264.  289.
  314.  339.  364.  389.  414.  439.  464.  489.], [  3.48931713e-05   2.14451777e-05   1.33367005e-05   8.41455607e-06
   5.23007572e-06   3.41399110e-06   2.21030593e-06   1.43513679e-06
   9.40317977e-07   6.03314676e-07   3.93966502e-07   2.61186101e-07
   1.76879594e-07   1.22439361e-07   8.68870807e-08   6.60185486e-08
   5.14803746e-08   4.44023105e-08   3.93108166e-08   3.53726724e-08], [  14.   39.   64.   89.  114.  139.  164.  189.  214.  239.  264.  289.
  314.  339.  364.  389.  414.  439.  464.  489.], [  2.27594297e-05   1.70590672e-05   1.11611114e-05   7.77797173e-06
   5.02802533e-06   3.44528584e-06   2.54736048e-06   1.75175666e-06
   1.23293285e-06   8.55453593e-07   6.24628372e-07   4.27165570e-07
   2.99901980e-07   2.19988729e-07   1.56162289e-07   1.15347405e-07
   8.70700155e-08   6.67045923e-08   5.48181798e-08   4.40876797e-08], [  14.   39.   64.   89.  114.  139.  164.  189.  214.  239.  264.  289.
  314.  339.  364.  389.  414.  439.  464.  489.], [  1.58484911e-05   1.43491690e-05   9.42807312e-06   6.82546817e-06
   4.92281893e-06   3.39706399e-06   2.51276095e-06   1.87910471e-06
   1.39148549e-06   1.02592282e-06   7.85665891e-07   5.78532722e-07
   4.28515655e-07   3.22147092e-07   2.36904599e-07   1.81384136e-07
   1.38849350e-07   1.07404767e-07   8.32159380e-08   6.59005396e-08], [  14.   39.   64.   89.  114.  139.  164.  189.  214.  239.  264.  289.
  314.  339.  364.  389.  414.  439.  464.  489.], [  1.29967836e-05   1.10797691e-05   7.99681616e-06   5.88842263e-06
   4.63536151e-06   3.39482023e-06   2.48699576e-06   1.87524979e-06
   1.49565124e-06   1.16331836e-06   8.77856068e-07   6.79091814e-07
   5.37730146e-07   4.22033831e-07   3.13518100e-07   2.49100499e-07
   1.93291754e-07   1.53870540e-07   1.23388138e-07   9.66101848e-08], [  14.   39.   64.   89.  114.  139.  164.  189.  214.  239.  264.  289.
  314.  339.  364.  389.  414.  439.  464.  489.], [  1.10023667e-05   9.60523820e-06   7.21297438e-06   5.34211686e-06
   4.18128865e-06   3.35806806e-06   2.49742012e-06   1.89914886e-06
   1.53827105e-06   1.23014712e-06   9.70506989e-07   7.56491886e-07
   6.02330699e-07   4.91384857e-07   3.92434143e-07   3.15153746e-07
   2.43373603e-07   2.01456400e-07   1.62323134e-07   1.31404323e-07], [  14.   39.   64.   89.  114.  139.  164.  189.  214.  239.  264.  289.
  314.  339.  364.  389.  414.  439.  464.  489.], [  8.18283018e-06   7.98353470e-06   6.41897224e-06   4.82334179e-06
   3.79685299e-06   3.11844514e-06   2.52547575e-06   1.91077275e-06
   1.53076069e-06   1.22662992e-06   1.00281108e-06   8.29225904e-07
   6.68394788e-07   5.37200760e-07   4.48288200e-07   3.67885219e-07
   3.00743089e-07   2.46160638e-07   2.00010627e-07   1.64652182e-07], [  14.   39.   64.   89.  114.  139.  164.  189.  214.  239.  264.  289.
  314.  339.  364.  389.  414.  439.  464.  489.], [  6.43317864e-06   7.00754163e-06   5.88547119e-06   4.51313985e-06
   3.48918636e-06   2.86686452e-06   2.48620027e-06   1.92090107e-06
   1.52711695e-06   1.20712135e-06   1.01298156e-06   8.78675256e-07
   7.29429561e-07   5.80149888e-07   4.82260640e-07   4.03401013e-07
   3.40041431e-07   2.89281057e-07   2.35935690e-07   1.97398097e-07], 
[  14.   39.   64.   89.  114.  139.  164.  189.  214.  239.  264.  289.
  314.  339.  364.  389.  414.  439.  464.  489.], [  2.71000373e-04   5.71038330e-05   1.51927986e-05   4.77165183e-06
   1.66858347e-06   6.94821598e-07   4.21021530e-07   3.18958370e-07
   2.82423205e-07   2.75425751e-07   2.69126034e-07   2.65423343e-07
   2.68486574e-07   2.64387129e-07   2.65522675e-07   2.70299481e-07
   2.67779150e-07   2.66356158e-07   2.67346759e-07   2.66529852e-07], [  14.   39.   64.   89.  114.  139.  164.  189.  214.  239.  264.  289.
  314.  339.  364.  389.  414.  439.  464.  489.], [  1.14797468e-04   4.38226469e-05   1.75289996e-05   7.62507225e-06
   3.55823020e-06   1.56620385e-06   7.92418227e-07   3.91763580e-07
   2.26389043e-07   1.43572242e-07   1.09511351e-07   8.99315935e-08
   8.43618309e-08   8.11041555e-08   7.76502471e-08   7.84701501e-08
   7.61499571e-08   7.78441601e-08   7.63365098e-08   7.67549964e-08], [  14.   39.   64.   89.  114.  139.  164.  189.  214.  239.  264.  289.
  314.  339.  364.  389.  414.  439.  464.  489.], [  5.95431371e-05   2.94889973e-05   1.64603643e-05   8.28197324e-06
   4.99960004e-06   2.68222528e-06   1.60019884e-06   9.33898865e-07
   5.46157535e-07   3.20014011e-07   1.91561335e-07   1.21591932e-07
   8.90298154e-08   6.70561217e-08   5.38249841e-08   4.95746718e-08
   4.52519212e-08   4.35999660e-08   4.23841394e-08   4.28261046e-08], [  14.   39.   64.   89.  114.  139.  164.  189.  214.  239.  264.  289.
  314.  339.  364.  389.  414.  439.  464.  489.], [  4.11916551e-05   2.09422882e-05   1.31971146e-05   8.12750766e-06
   5.26426756e-06   3.35833368e-06   2.19539804e-06   1.45267034e-06
   9.33812944e-07   6.11964466e-07   3.97204154e-07   2.59958102e-07
   1.80144713e-07   1.21478555e-07   8.82073988e-08   6.64131205e-08
   5.24579078e-08   4.35819830e-08   3.86955763e-08   3.47462991e-08], [  14.   39.   64.   89.  114.  139.  164.  189.  214.  239.  264.  289.
  314.  339.  364.  389.  414.  439.  464.  489.], [  2.29101923e-05   1.74998378e-05   1.09805941e-05   7.59727513e-06
   5.01689136e-06   3.52116703e-06   2.50583705e-06   1.78159582e-06
   1.21139474e-06   8.62870611e-07   6.27603179e-07   4.30339783e-07
   3.05905877e-07   2.17982767e-07   1.63608147e-07   1.15825480e-07
   8.83111923e-08   6.76464348e-08   5.41224455e-08   4.45815571e-08], [  14.   39.   64.   89.  114.  139.  164.  189.  214.  239.  264.  289.
  314.  339.  364.  389.  414.  439.  464.  489.], [  1.56478141e-05   1.41453205e-05   9.41680379e-06   6.75266212e-06
   4.93989784e-06   3.41764886e-06   2.52516112e-06   1.94276447e-06
   1.38699903e-06   1.02138319e-06   7.71107093e-07   5.85532274e-07
   4.37338831e-07   3.21142718e-07   2.44706254e-07   1.83449702e-07
   1.37785727e-07   1.08338484e-07   8.37426534e-08   6.68165009e-08], [  14.   39.   64.   89.  114.  139.  164.  189.  214.  239.  264.  289.
  314.  339.  364.  389.  414.  439.  464.  489.], [  1.29380670e-05   1.10891733e-05   7.97965452e-06   6.01954580e-06
   4.62191417e-06   3.34100547e-06   2.48814531e-06   1.91900590e-06
   1.49303881e-06   1.16075396e-06   8.76515348e-07   6.86934299e-07
   5.38497466e-07   4.12146087e-07   3.19114460e-07   2.52410318e-07
   1.93452028e-07   1.55222153e-07   1.22648889e-07   9.61372027e-08], [  14.   39.   64.   89.  114.  139.  164.  189.  214.  239.  264.  289.
  314.  339.  364.  389.  414.  439.  464.  489.], [  9.70588301e-06   9.26180496e-06   7.17010009e-06   5.35495897e-06
   4.13445052e-06   3.31502397e-06   2.47629246e-06   1.89934753e-06
   1.50144640e-06   1.22636944e-06   9.75430929e-07   7.60163293e-07
   6.04200111e-07   4.83245866e-07   3.92810128e-07   3.17038916e-07
   2.44379462e-07   2.01149248e-07   1.60431165e-07   1.29833336e-07], [  14.   39.   64.   89.  114.  139.  164.  189.  214.  239.  264.  289.
  314.  339.  364.  389.  414.  439.  464.  489.], [  8.03691300e-06   7.81045610e-06   6.44858633e-06   4.75557535e-06
   3.77630044e-06   3.15909886e-06   2.50785266e-06   1.92642942e-06
   1.48775716e-06   1.20220646e-06   1.01018902e-06   8.46912719e-07
   6.65493639e-07   5.34278684e-07   4.48794532e-07   3.70875668e-07
   2.96793866e-07   2.42201568e-07   1.98789046e-07   1.62161179e-07], [  14.   39.   64.   89.  114.  139.  164.  189.  214.  239.  264.  289.
  314.  339.  364.  389.  414.  439.  464.  489.], [  6.44734469e-06   7.22472722e-06   5.88698585e-06   4.47471097e-06
   3.44769816e-06   2.95487089e-06   2.49358211e-06   1.93910403e-06
   1.52106581e-06   1.18873295e-06   1.01163325e-06   8.93520768e-07
   7.24790694e-07   5.87062326e-07   4.88990228e-07   4.02853314e-07
   3.35656912e-07   2.83900833e-07   2.37043379e-07   1.96912302e-07], 
[  14.   39.   64.   89.  114.  139.  164.  189.  214.  239.  264.  289.
  314.  339.  364.  389.  414.  439.  464.  489.], [  2.49063278e-04   5.87424869e-05   1.54843098e-05   4.74605950e-06
   1.65108942e-06   7.36807621e-07   3.99126150e-07   3.12575510e-07
   2.88122369e-07   2.67113315e-07   2.68264757e-07   2.66664272e-07
   2.65743314e-07   2.68921582e-07   2.66328852e-07   2.67132690e-07
   2.67098304e-07   2.69104870e-07   2.68189097e-07   2.63286934e-07], [  14.   39.   64.   89.  114.  139.  164.  189.  214.  239.  264.  289.
  314.  339.  364.  389.  414.  439.  464.  489.], [  1.09896089e-04   4.45245965e-05   1.71091977e-05   7.41982463e-06
   3.52031395e-06   1.65808639e-06   7.66401177e-07   3.93217614e-07
   2.29407903e-07   1.46153972e-07   1.06526925e-07   9.11289389e-08
   8.21137719e-08   7.95060573e-08   7.78619161e-08   7.69096621e-08
   7.54313531e-08   7.76163627e-08   7.73643444e-08   7.75246574e-08], [  14.   39.   64.   89.  114.  139.  164.  189.  214.  239.  264.  289.
  314.  339.  364.  389.  414.  439.  464.  489.], [  5.74202891e-05   2.93063535e-05   1.57747257e-05   8.39332706e-06
   5.14421837e-06   2.76012695e-06   1.60895114e-06   9.25882709e-07
   5.40458238e-07   3.21492201e-07   1.94821589e-07   1.25821998e-07
   8.61760322e-08   6.60986348e-08   5.65329727e-08   4.90891480e-08
   4.66440412e-08   4.33431253e-08   4.28293445e-08   4.20326407e-08], [  14.   39.   64.   89.  114.  139.  164.  189.  214.  239.  264.  289.
  314.  339.  364.  389.  414.  439.  464.  489.], [  3.46255309e-05   2.13949226e-05   1.28616906e-05   8.35499750e-06
   5.23508931e-06   3.41433435e-06   2.18853435e-06   1.43383487e-06
   9.29916128e-07   6.08421957e-07   4.06662053e-07   2.59461724e-07
   1.75873290e-07   1.23682100e-07   8.76590366e-08   6.50676734e-08
   5.23911165e-08   4.41445024e-08   3.88537849e-08   3.56316455e-08], [  14.   39.   64.   89.  114.  139.  164.  189.  214.  239.  264.  289.
  314.  339.  364.  389.  414.  439.  464.  489.], [  2.21337009e-05   1.72362159e-05   1.06881206e-05   7.79002684e-06
   4.95689243e-06   3.42701776e-06   2.50977757e-06   1.76713929e-06
   1.20415430e-06   8.69697223e-07   6.20902538e-07   4.23061162e-07
   3.01541899e-07   2.22959457e-07   1.56971224e-07   1.15277538e-07
   8.65621012e-08   6.77760064e-08   5.41419495e-08   4.44164475e-08], [  14.   39.   64.   89.  114.  139.  164.  189.  214.  239.  264.  289.
  314.  339.  364.  389.  414.  439.  464.  489.], [  1.68416925e-05   1.40835754e-05   9.33859194e-06   6.92958776e-06
   4.92225110e-06   3.41957514e-06   2.51843835e-06   1.90190181e-06
   1.39929715e-06   1.03141051e-06   7.65705787e-07   5.83812120e-07
   4.26209561e-07   3.18226762e-07   2.43285637e-07   1.82735820e-07
   1.37223905e-07   1.07368786e-07   8.47785220e-08   6.61198481e-08], [  14.   39.   64.   89.  114.  139.  164.  189.  214.  239.  264.  289.
  314.  339.  364.  389.  414.  439.  464.  489.], [  1.31100519e-05   1.07909171e-05   8.05049909e-06   6.14627934e-06
   4.56859828e-06   3.44242243e-06   2.51733923e-06   1.91665422e-06
   1.50882459e-06   1.17350507e-06   8.56690872e-07   6.87725408e-07
   5.34848477e-07   4.20057827e-07   3.21048105e-07   2.50377345e-07
   1.94954047e-07   1.57147666e-07   1.23064344e-07   9.56596686e-08], [  14.   39.   64.   89.  114.  139.  164.  189.  214.  239.  264.  289.
  314.  339.  364.  389.  414.  439.  464.  489.], [  9.73833558e-06   9.54971321e-06   7.01143849e-06   5.30870718e-06
   4.12489783e-06   3.36781739e-06   2.49696962e-06   1.92959773e-06
   1.49814157e-06   1.22435385e-06   9.61498087e-07   7.66294980e-07
   6.02076946e-07   5.01906913e-07   3.93540861e-07   3.15121407e-07
   2.48048434e-07   2.00358862e-07   1.61014279e-07   1.31619767e-07], [  14.   39.   64.   89.  114.  139.  164.  189.  214.  239.  264.  289.
  314.  339.  364.  389.  414.  439.  464.  489.], [  7.54351136e-06   8.09447071e-06   6.45131303e-06   4.79767414e-06
   3.75455904e-06   3.14662243e-06   2.47788249e-06   1.92459948e-06
   1.49672159e-06   1.21781733e-06   9.95602162e-07   8.42730588e-07
   6.64070682e-07   5.32686706e-07   4.45240790e-07   3.65388338e-07
   2.97194555e-07   2.42501817e-07   1.98187136e-07   1.63930230e-07], [  14.   39.   64.   89.  114.  139.  164.  189.  214.  239.  264.  289.
  314.  339.  364.  389.  414.  439.  464.  489.], [  7.25135334e-06   7.36489051e-06   5.96326440e-06   4.52806337e-06
   3.42360919e-06   2.94126036e-06   2.45111450e-06   1.94481290e-06
   1.54230923e-06   1.17653411e-06   1.00825474e-06   8.84979108e-07
   7.33352583e-07   5.86259916e-07   4.87634853e-07   3.97982587e-07
   3.35558817e-07   2.86992983e-07   2.34229576e-07   1.99142286e-07], 
[  14.   39.   64.   89.  114.  139.  164.  189.  214.  239.  264.  289.
  314.  339.  364.  389.  414.  439.  464.  489.], [  2.61977605e-04   5.47312273e-05   1.51331918e-05   4.72497022e-06
   1.69329239e-06   7.24268973e-07   4.23260113e-07   3.18439035e-07
   2.82152857e-07   2.75468249e-07   2.63626550e-07   2.65160795e-07
   2.63270203e-07   2.60708534e-07   2.63609069e-07   2.65168588e-07
   2.64527564e-07   2.65326134e-07   2.70826146e-07   2.67437444e-07], [  14.   39.   64.   89.  114.  139.  164.  189.  214.  239.  264.  289.
  314.  339.  364.  389.  414.  439.  464.  489.], [  1.04250399e-04   4.37466898e-05   1.76948706e-05   7.64857714e-06
   3.52001131e-06   1.59570819e-06   7.99971577e-07   3.99868499e-07
   2.19910135e-07   1.43956048e-07   1.08733155e-07   9.13395017e-08
   8.47181001e-08   7.98896303e-08   7.86637194e-08   7.75498539e-08
   7.78821593e-08   7.59377398e-08   7.66320234e-08   7.74195475e-08], [  14.   39.   64.   89.  114.  139.  164.  189.  214.  239.  264.  289.
  314.  339.  364.  389.  414.  439.  464.  489.], [  5.45505661e-05   2.95015171e-05   1.65073803e-05   8.37804992e-06
   5.06864218e-06   2.68736874e-06   1.60782401e-06   9.32368003e-07
   5.35004708e-07   3.17480454e-07   1.91837662e-07   1.22735939e-07
   9.08235661e-08   6.74394775e-08   5.62106575e-08   4.88940188e-08
   4.64596802e-08   4.41769209e-08   4.31702261e-08   4.20956269e-08], [  14.   39.   64.   89.  114.  139.  164.  189.  214.  239.  264.  289.
  314.  339.  364.  389.  414.  439.  464.  489.], [  3.45946166e-05   2.17281266e-05   1.34103649e-05   7.86517592e-06
   5.27529492e-06   3.34405737e-06   2.17174212e-06   1.44270626e-06
   9.48321371e-07   6.14966835e-07   3.95506142e-07   2.60343822e-07
   1.78307145e-07   1.21617375e-07   8.69916668e-08   6.54489260e-08
   5.23451550e-08   4.44359600e-08   3.88076561e-08   3.52331802e-08], [  14.   39.   64.   89.  114.  139.  164.  189.  214.  239.  264.  289.
  314.  339.  364.  389.  414.  439.  464.  489.], [  2.26491198e-05   1.79873194e-05   1.08012583e-05   7.52644965e-06
   4.95525820e-06   3.47772571e-06   2.46246831e-06   1.75880570e-06
   1.23632338e-06   8.68404927e-07   6.24610848e-07   4.22137815e-07
   3.06881597e-07   2.17860077e-07   1.58148130e-07   1.14222853e-07
   8.95297090e-08   6.71418875e-08   5.44129913e-08   4.45483989e-08], [  14.   39.   64.   89.  114.  139.  164.  189.  214.  239.  264.  289.
  314.  339.  364.  389.  414.  439.  464.  489.], [  1.53988386e-05   1.44210807e-05   9.16695722e-06   6.84880321e-06
   4.89788745e-06   3.45834771e-06   2.54800613e-06   1.91602714e-06
   1.40501563e-06   1.02813223e-06   7.83345878e-07   5.81842723e-07
   4.29227558e-07   3.16081134e-07   2.44303737e-07   1.81559993e-07
   1.39933181e-07   1.07908190e-07   8.35677957e-08   6.71057741e-08], [  14.   39.   64.   89.  114.  139.  164.  189.  214.  239.  264.  289.
  314.  339.  364.  389.  414.  439.  464.  489.], [  1.32655266e-05   1.12111292e-05   7.97194461e-06   5.99290767e-06
   4.60207352e-06   3.49897954e-06   2.49820586e-06   1.91957023e-06
   1.53476382e-06   1.16341135e-06   8.83617329e-07   6.89411325e-07
   5.29792449e-07   4.13891368e-07   3.21013336e-07   2.50389541e-07
   1.91603536e-07   1.53968511e-07   1.21381055e-07   9.85661987e-08], [  14.   39.   64.   89.  114.  139.  164.  189.  214.  239.  264.  289.
  314.  339.  364.  389.  414.  439.  464.  489.], [  1.00990558e-05   9.32266363e-06   6.96917283e-06   5.25501861e-06
   4.13302864e-06   3.39767048e-06   2.50668494e-06   1.91467603e-06
   1.54220405e-06   1.23539399e-06   9.75520851e-07   7.68056317e-07
   5.90647866e-07   4.91346542e-07   3.88441714e-07   3.16229679e-07
   2.47094412e-07   2.00172424e-07   1.61340435e-07   1.32871921e-07], [  14.   39.   64.   89.  114.  139.  164.  189.  214.  239.  264.  289.
  314.  339.  364.  389.  414.  439.  464.  489.], [  8.66940467e-06   8.08663079e-06   6.54065369e-06   4.75078208e-06
   3.75185154e-06   3.15071066e-06   2.55115708e-06   1.91757160e-06
   1.49018324e-06   1.21759901e-06   1.03192872e-06   8.30319942e-07
   6.67027984e-07   5.36196158e-07   4.40204343e-07   3.67082249e-07
   2.99546689e-07   2.47249961e-07   1.97282926e-07   1.62706906e-07], [  14.   39.   64.   89.  114.  139.  164.  189.  214.  239.  264.  289.
  314.  339.  364.  389.  414.  439.  464.  489.], [  6.69934120e-06   7.24918664e-06   6.06220549e-06   4.50126185e-06
   3.41740268e-06   2.92127769e-06   2.51003926e-06   1.88259280e-06
   1.53765990e-06   1.19094285e-06   1.04045201e-06   8.66172613e-07
   7.36814880e-07   5.87880801e-07   4.75590169e-07   4.01846323e-07
   3.38640147e-07   2.89570737e-07   2.34550615e-07   1.92572286e-07], 
[  14.   39.   64.   89.  114.  139.  164.  189.  214.  239.  264.  289.
  314.  339.  364.  389.  414.  439.  464.  489.], [  2.46182041e-04   5.69203713e-05   1.59298992e-05   4.66716681e-06
   1.59469890e-06   7.21041751e-07   4.23727476e-07   3.16644542e-07
   2.84938569e-07   2.72138745e-07   2.67751955e-07   2.65312279e-07
   2.61325195e-07   2.59785494e-07   2.64185497e-07   2.65234163e-07
   2.64729098e-07   2.69146745e-07   2.67159232e-07   2.68503552e-07], [  14.   39.   64.   89.  114.  139.  164.  189.  214.  239.  264.  289.
  314.  339.  364.  389.  414.  439.  464.  489.], [  1.02646017e-04   4.46807325e-05   1.73525093e-05   7.38270986e-06
   3.47374234e-06   1.67864207e-06   7.71709472e-07   3.89637018e-07
   2.26615550e-07   1.46818032e-07   1.09273168e-07   9.18229231e-08
   8.28000472e-08   7.93909849e-08   7.90251293e-08   7.63755858e-08
   7.62625074e-08   7.71454954e-08   7.68640210e-08   7.61149945e-08], [  14.   39.   64.   89.  114.  139.  164.  189.  214.  239.  264.  289.
  314.  339.  364.  389.  414.  439.  464.  489.], [  6.04714697e-05   3.09197845e-05   1.62762820e-05   8.55259410e-06
   5.09008845e-06   2.79084764e-06   1.60937083e-06   9.02841016e-07
   5.31472383e-07   3.20086133e-07   1.99476283e-07   1.26778154e-07
   9.03449013e-08   6.75754815e-08   5.58601739e-08   4.92351739e-08
   4.59964678e-08   4.38041252e-08   4.30252588e-08   4.25204435e-08], [  14.   39.   64.   89.  114.  139.  164.  189.  214.  239.  264.  289.
  314.  339.  364.  389.  414.  439.  464.  489.], [  3.75594949e-05   2.21444652e-05   1.35968774e-05   8.52584952e-06
   5.23661377e-06   3.41386417e-06   2.20454245e-06   1.41587626e-06
   9.22153871e-07   6.17589570e-07   4.04600743e-07   2.60765677e-07
   1.80423139e-07   1.24756152e-07   8.91286093e-08   6.71093497e-08
   5.20463294e-08   4.40999428e-08   3.90874705e-08   3.50565710e-08], [  14.   39.   64.   89.  114.  139.  164.  189.  214.  239.  264.  289.
  314.  339.  364.  389.  414.  439.  464.  489.], [  2.37713334e-05   1.80416423e-05   1.09560452e-05   7.80481351e-06
   4.89982122e-06   3.35349497e-06   2.49559043e-06   1.76768945e-06
   1.21815338e-06   8.67274715e-07   6.17948300e-07   4.23934304e-07
   3.04403338e-07   2.20375888e-07   1.61252352e-07   1.15785076e-07
   8.56645927e-08   6.76580786e-08   5.32941074e-08   4.43435511e-08], [  14.   39.   64.   89.  114.  139.  164.  189.  214.  239.  264.  289.
  314.  339.  364.  389.  414.  439.  464.  489.], [  1.60773894e-05   1.43730659e-05   9.17050887e-06   6.98507681e-06
   4.87085893e-06   3.39450482e-06   2.56146586e-06   1.92100598e-06
   1.37445517e-06   1.02897793e-06   7.75423106e-07   5.79867160e-07
   4.39899548e-07   3.20429948e-07   2.43794752e-07   1.81264362e-07
   1.39578904e-07   1.08106302e-07   8.44650547e-08   6.65219818e-08], [  14.   39.   64.   89.  114.  139.  164.  189.  214.  239.  264.  289.
  314.  339.  364.  389.  414.  439.  464.  489.], [  1.20348529e-05   1.12945341e-05   8.03073773e-06   6.10994329e-06
   4.43390572e-06   3.50451858e-06   2.52250549e-06   1.86979371e-06
   1.47178326e-06   1.18162903e-06   8.62114789e-07   6.87088352e-07
   5.33479056e-07   4.15717155e-07   3.16633337e-07   2.48941439e-07
   1.95244705e-07   1.56181789e-07   1.22032419e-07   9.70970881e-08], [  14.   39.   64.   89.  114.  139.  164.  189.  214.  239.  264.  289.
  314.  339.  364.  389.  414.  439.  464.  489.], [  9.14384867e-06   9.69163476e-06   6.97584795e-06   5.34389511e-06
   4.12428741e-06   3.39577509e-06   2.52846576e-06   1.88439531e-06
   1.50129743e-06   1.25312642e-06   9.69339956e-07   7.67372225e-07
   5.96516967e-07   4.84833213e-07   3.84543408e-07   3.16485076e-07
   2.45749941e-07   2.00163746e-07   1.62206365e-07   1.32464480e-07], [  14.   39.   64.   89.  114.  139.  164.  189.  214.  239.  264.  289.
  314.  339.  364.  389.  414.  439.  464.  489.], [  7.70315004e-06   8.47638589e-06   6.36622655e-06   4.88709933e-06
   3.75881147e-06   3.13654589e-06   2.52133679e-06   1.91833288e-06
   1.48284996e-06   1.21785914e-06   9.99673702e-07   8.41300276e-07
   6.53939642e-07   5.30874753e-07   4.36745401e-07   3.71515068e-07
   2.96786954e-07   2.43661705e-07   1.98559359e-07   1.63914729e-07], [  14.   39.   64.   89.  114.  139.  164.  189.  214.  239.  264.  289.
  314.  339.  364.  389.  414.  439.  464.  489.], [  6.91525834e-06   7.24822227e-06   5.90311105e-06   4.49031794e-06
   3.41085055e-06   2.92913108e-06   2.47054377e-06   1.90957722e-06
   1.51963874e-06   1.20421260e-06   1.00009697e-06   8.81270271e-07
   7.20993965e-07   5.80630369e-07   4.78420507e-07   4.01419289e-07
   3.40531107e-07   2.85362997e-07   2.40661951e-07   1.96736670e-07], 
[  14.   39.   64.   89.  114.  139.  164.  189.  214.  239.  264.  289.
  314.  339.  364.  389.  414.  439.  464.  489.], [  2.47236364e-04   5.39710550e-05   1.51510247e-05   4.60520053e-06
   1.66209462e-06   7.15960449e-07   4.26491665e-07   3.16958727e-07
   2.81305660e-07   2.69556189e-07   2.72742652e-07   2.68176894e-07
   2.67817851e-07   2.65458297e-07   2.67558686e-07   2.65051318e-07
   2.71511003e-07   2.70757507e-07   2.64280482e-07   2.72660371e-07], [  14.   39.   64.   89.  114.  139.  164.  189.  214.  239.  264.  289.
  314.  339.  364.  389.  414.  439.  464.  489.], [  1.00915195e-04   4.21508020e-05   1.75905587e-05   7.41447819e-06
   3.53686924e-06   1.62512862e-06   7.88204337e-07   3.92655901e-07
   2.20485716e-07   1.40904815e-07   1.06863806e-07   9.11511866e-08
   8.39677092e-08   7.88361932e-08   7.75195655e-08   7.74567428e-08
   7.69553028e-08   7.63430561e-08   7.64168776e-08   7.61120240e-08], [  14.   39.   64.   89.  114.  139.  164.  189.  214.  239.  264.  289.
  314.  339.  364.  389.  414.  439.  464.  489.], [  5.58687055e-05   2.98347553e-05   1.65336614e-05   8.41539673e-06
   5.02190265e-06   2.72071164e-06   1.58373225e-06   9.12216795e-07
   5.26334622e-07   3.21924267e-07   1.95301903e-07   1.26500938e-07
   8.81526279e-08   6.72037632e-08   5.61114143e-08   4.91374700e-08
   4.55649398e-08   4.38278100e-08   4.28899967e-08   4.21571880e-08], [  14.   39.   64.   89.  114.  139.  164.  189.  214.  239.  264.  289.
  314.  339.  364.  389.  414.  439.  464.  489.], [  3.60053641e-05   2.14546074e-05   1.37405124e-05   8.17438853e-06
   5.35912902e-06   3.40522908e-06   2.16034525e-06   1.43133573e-06
   9.47340481e-07   6.02757782e-07   4.00861617e-07   2.61063385e-07
   1.79916662e-07   1.21328588e-07   8.94638634e-08   6.56498377e-08
   5.28217714e-08   4.39743595e-08   3.86533869e-08   3.56947971e-08], [  14.   39.   64.   89.  114.  139.  164.  189.  214.  239.  264.  289.
  314.  339.  364.  389.  414.  439.  464.  489.], [  2.19414211e-05   1.81122303e-05   1.07844961e-05   7.47408930e-06
   5.02836359e-06   3.44807520e-06   2.44374280e-06   1.75229640e-06
   1.22541066e-06   8.64565334e-07   6.21421244e-07   4.26773648e-07
   3.02532021e-07   2.17667537e-07   1.57783793e-07   1.14331834e-07
   8.82367777e-08   6.64470047e-08   5.34443840e-08   4.41048804e-08], [  14.   39.   64.   89.  114.  139.  164.  189.  214.  239.  264.  289.
  314.  339.  364.  389.  414.  439.  464.  489.], [  1.54593091e-05   1.45354667e-05   8.93300350e-06   6.59662702e-06
   4.90024317e-06   3.48142842e-06   2.53685796e-06   1.91222162e-06
   1.38747403e-06   1.03940059e-06   7.70361019e-07   5.78494352e-07
   4.31133855e-07   3.11457264e-07   2.44442357e-07   1.83052335e-07
   1.38776447e-07   1.08870995e-07   8.31251645e-08   6.66730228e-08], [  14.   39.   64.   89.  114.  139.  164.  189.  214.  239.  264.  289.
  314.  339.  364.  389.  414.  439.  464.  489.], [  1.21361160e-05   1.18003539e-05   8.15804269e-06   5.94629977e-06
   4.58493123e-06   3.48894038e-06   2.44297802e-06   1.89004650e-06
   1.49654972e-06   1.16496712e-06   8.67717933e-07   6.97640994e-07
   5.33936987e-07   4.08719860e-07   3.23355234e-07   2.47912340e-07
   1.96476426e-07   1.54754116e-07   1.21546385e-07   9.82381239e-08], [  14.   39.   64.   89.  114.  139.  164.  189.  214.  239.  264.  289.
  314.  339.  364.  389.  414.  439.  464.  489.], [  9.92038741e-06   9.72272432e-06   7.24520029e-06   5.28099105e-06
   4.11439791e-06   3.40347206e-06   2.47573290e-06   1.87462758e-06
   1.50216551e-06   1.23246211e-06   9.74521615e-07   7.56244922e-07
   6.01604116e-07   4.87328867e-07   3.95277144e-07   3.16009332e-07
   2.49187444e-07   1.96495453e-07   1.60815249e-07   1.32560998e-07], [  14.   39.   64.   89.  114.  139.  164.  189.  214.  239.  264.  289.
  314.  339.  364.  389.  414.  439.  464.  489.], [  7.67779079e-06   8.16805843e-06   6.53599184e-06   4.81773406e-06
   3.75752257e-06   3.19972901e-06   2.53668479e-06   1.88105080e-06
   1.47849490e-06   1.22803447e-06   1.01437890e-06   8.27236975e-07
   6.63964605e-07   5.40349004e-07   4.40781734e-07   3.67544549e-07
   2.99739935e-07   2.43332305e-07   1.96701849e-07   1.63328497e-07], [  14.   39.   64.   89.  114.  139.  164.  189.  214.  239.  264.  289.
  314.  339.  364.  389.  414.  439.  464.  489.], [  6.52670321e-06   7.45546880e-06   6.08692557e-06   4.58123203e-06
   3.42495641e-06   2.94991310e-06   2.47219126e-06   1.89195505e-06
   1.49336833e-06   1.20521479e-06   1.02713872e-06   8.72730034e-07
   7.32129889e-07   5.87228581e-07   4.89478967e-07   3.98218795e-07
   3.38005718e-07   2.93667746e-07   2.34660351e-07   1.97126532e-07], 
[  14.   39.   64.   89.  114.  139.  164.  189.  214.  239.  264.  289.
  314.  339.  364.  389.  414.  439.  464.  489.], [  2.55234025e-04   5.42784119e-05   1.55409365e-05   4.69804969e-06
   1.59573578e-06   7.20825574e-07   4.13042970e-07   3.19870386e-07
   2.77858359e-07   2.72221337e-07   2.66707450e-07   2.69765414e-07
   2.63631267e-07   2.67654788e-07   2.64178639e-07   2.66700809e-07
   2.63949899e-07   2.65268395e-07   2.64348366e-07   2.66262954e-07], [  14.   39.   64.   89.  114.  139.  164.  189.  214.  239.  264.  289.
  314.  339.  364.  389.  414.  439.  464.  489.], [  1.16645373e-04   4.27823223e-05   1.73465782e-05   7.54966929e-06
   3.43947094e-06   1.66748969e-06   7.65380786e-07   3.87692416e-07
   2.31243267e-07   1.39397280e-07   1.06925426e-07   9.05481612e-08
   8.33983069e-08   7.99576080e-08   7.77421302e-08   7.76387535e-08
   7.72187365e-08   7.65470892e-08   7.66969386e-08   7.67281235e-08], [  14.   39.   64.   89.  114.  139.  164.  189.  214.  239.  264.  289.
  314.  339.  364.  389.  414.  439.  464.  489.], [  5.37492362e-05   3.09690115e-05   1.67032999e-05   8.61830410e-06
   5.07361068e-06   2.77954492e-06   1.59563649e-06   8.98600229e-07
   5.48656321e-07   3.19514402e-07   1.91381066e-07   1.27694523e-07
   8.97059496e-08   6.74472004e-08   5.66211752e-08   4.86269859e-08
   4.50843152e-08   4.41826274e-08   4.31419725e-08   4.20462084e-08], [  14.   39.   64.   89.  114.  139.  164.  189.  214.  239.  264.  289.
  314.  339.  364.  389.  414.  439.  464.  489.], [  3.39084941e-05   2.25994464e-05   1.36989108e-05   8.43471774e-06
   5.11770207e-06   3.30447622e-06   2.17692788e-06   1.40859944e-06
   9.28471087e-07   6.13149501e-07   3.96710008e-07   2.64182126e-07
   1.78954372e-07   1.23597582e-07   8.83840567e-08   6.65145128e-08
   5.18976098e-08   4.47325755e-08   3.95129896e-08   3.50255949e-08], [  14.   39.   64.   89.  114.  139.  164.  189.  214.  239.  264.  289.
  314.  339.  364.  389.  414.  439.  464.  489.], [  2.24104546e-05   1.81214123e-05   1.11800986e-05   7.64645322e-06
   4.89511290e-06   3.36582105e-06   2.42495954e-06   1.72950316e-06
   1.21576825e-06   8.64630136e-07   6.10663555e-07   4.32526961e-07
   3.05093454e-07   2.20246892e-07   1.58626432e-07   1.14952900e-07
   8.69290618e-08   6.62276971e-08   5.39932444e-08   4.41495072e-08], [  14.   39.   64.   89.  114.  139.  164.  189.  214.  239.  264.  289.
  314.  339.  364.  389.  414.  439.  464.  489.], [  1.50302145e-05   1.45517913e-05   9.23696659e-06   6.90981691e-06
   4.97120258e-06   3.41683866e-06   2.50483273e-06   1.90050286e-06
   1.37430618e-06   1.04107578e-06   7.77003428e-07   5.82054487e-07
   4.36541216e-07   3.16812252e-07   2.39534508e-07   1.82089315e-07
   1.37821423e-07   1.07220074e-07   8.39148059e-08   6.71330392e-08], [  14.   39.   64.   89.  114.  139.  164.  189.  214.  239.  264.  289.
  314.  339.  364.  389.  414.  439.  464.  489.], [  1.25747751e-05   1.17910835e-05   8.06877961e-06   5.96885453e-06
   4.61928645e-06   3.46667996e-06   2.52713233e-06   1.89089516e-06
   1.50321628e-06   1.15834239e-06   8.88199015e-07   6.82584680e-07
   5.45413847e-07   4.05277485e-07   3.12905868e-07   2.50255603e-07
   1.92302797e-07   1.56235368e-07   1.21860262e-07   9.78179681e-08], [  14.   39.   64.   89.  114.  139.  164.  189.  214.  239.  264.  289.
  314.  339.  364.  389.  414.  439.  464.  489.], [  9.96461995e-06   9.87212739e-06   7.16993173e-06   5.23600182e-06
   4.16254130e-06   3.38319111e-06   2.54557034e-06   1.90776664e-06
   1.55274708e-06   1.23097887e-06   9.80351647e-07   7.51697988e-07
   6.01311820e-07   4.78027496e-07   3.88399655e-07   3.15909873e-07
   2.50056616e-07   1.99105399e-07   1.63206506e-07   1.31575759e-07], [  14.   39.   64.   89.  114.  139.  164.  189.  214.  239.  264.  289.
  314.  339.  364.  389.  414.  439.  464.  489.], [  8.19484147e-06   8.45231645e-06   6.39563021e-06   4.81680170e-06
   3.77793774e-06   3.21259492e-06   2.54812799e-06   1.91486682e-06
   1.50300614e-06   1.22498383e-06   1.02902349e-06   8.22114871e-07
   6.66285518e-07   5.34540000e-07   4.44674116e-07   3.65092369e-07
   3.01294386e-07   2.42873565e-07   2.00576259e-07   1.62673555e-07], [  14.   39.   64.   89.  114.  139.  164.  189.  214.  239.  264.  289.
  314.  339.  364.  389.  414.  439.  464.  489.], [  6.64868508e-06   7.70433989e-06   5.71281356e-06   4.42283196e-06
   3.36422330e-06   2.93956936e-06   2.50233329e-06   1.92207285e-06
   1.51032141e-06   1.21640739e-06   1.03087656e-06   8.73616601e-07
   7.28002560e-07   5.80680099e-07   4.84091365e-07   3.95876815e-07
   3.38616190e-07   2.83143440e-07   2.37086972e-07   1.94298333e-07], 
[  14.   39.   64.   89.  114.  139.  164.  189.  214.  239.  264.  289.
  314.  339.  364.  389.  414.  439.  464.  489.], [  2.52299334e-04   5.35474194e-05   1.58040963e-05   4.69439815e-06
   1.72520177e-06   7.01914653e-07   4.15167434e-07   3.12827314e-07
   2.78939663e-07   2.67620628e-07   2.74581875e-07   2.62214481e-07
   2.68605038e-07   2.70985893e-07   2.68459316e-07   2.69557680e-07
   2.68163960e-07   2.68557683e-07   2.67773261e-07   2.68549734e-07], [  14.   39.   64.   89.  114.  139.  164.  189.  214.  239.  264.  289.
  314.  339.  364.  389.  414.  439.  464.  489.], [  1.04985965e-04   4.18841271e-05   1.79608516e-05   7.31770248e-06
   3.58867009e-06   1.58967101e-06   7.83441794e-07   4.01915683e-07
   2.24435165e-07   1.42642388e-07   1.06514539e-07   8.95189017e-08
   8.12337941e-08   7.98169791e-08   7.87764156e-08   7.75767599e-08
   7.68694373e-08   7.65936561e-08   7.57209814e-08   7.67175107e-08], [  14.   39.   64.   89.  114.  139.  164.  189.  214.  239.  264.  289.
  314.  339.  364.  389.  414.  439.  464.  489.], [  5.18187897e-05   2.92094272e-05   1.67307320e-05   8.26173686e-06
   5.04660499e-06   2.76143203e-06   1.61923829e-06   9.15553840e-07
   5.29172737e-07   3.13643604e-07   1.93280108e-07   1.25540304e-07
   8.89767702e-08   6.71898013e-08   5.65169970e-08   5.04026703e-08
   4.53402034e-08   4.43829527e-08   4.27352577e-08   4.20250887e-08], [  14.   39.   64.   89.  114.  139.  164.  189.  214.  239.  264.  289.
  314.  339.  364.  389.  414.  439.  464.  489.], [  3.36918922e-05   2.17625323e-05   1.38732652e-05   8.38813049e-06
   5.45273435e-06   3.42970674e-06   2.20036199e-06   1.44218136e-06
   9.33444245e-07   6.09524438e-07   3.99708010e-07   2.61303055e-07
   1.76626431e-07   1.24392085e-07   8.84381266e-08   6.74182715e-08
   5.35733602e-08   4.43417214e-08   3.85545554e-08   3.48025068e-08], [  14.   39.   64.   89.  114.  139.  164.  189.  214.  239.  264.  289.
  314.  339.  364.  389.  414.  439.  464.  489.], [  2.34286858e-05   1.75972538e-05   1.08507492e-05   7.80699029e-06
   5.06676888e-06   3.37458425e-06   2.48199197e-06   1.75982063e-06
   1.23710093e-06   8.71113167e-07   6.30151372e-07   4.28668145e-07
   2.99769628e-07   2.22796872e-07   1.59133356e-07   1.13611636e-07
   8.69319187e-08   6.87001710e-08   5.29400836e-08   4.38531955e-08], [  14.   39.   64.   89.  114.  139.  164.  189.  214.  239.  264.  289.
  314.  339.  364.  389.  414.  439.  464.  489.], [  1.64630698e-05   1.47935007e-05   9.06895973e-06   6.86988047e-06
   4.83318403e-06   3.42062365e-06   2.55874833e-06   1.88651322e-06
   1.40167707e-06   1.01449208e-06   7.91835643e-07   5.85450076e-07
   4.28021127e-07   3.22901618e-07   2.41076869e-07   1.82213431e-07
   1.38875738e-07   1.08463715e-07   8.37833997e-08   6.67252456e-08], [  14.   39.   64.   89.  114.  139.  164.  189.  214.  239.  264.  289.
  314.  339.  364.  389.  414.  439.  464.  489.], [  1.32256725e-05   1.17490686e-05   8.05991716e-06   6.09633512e-06
   4.39537130e-06   3.49934823e-06   2.51744481e-06   1.89052078e-06
   1.50220373e-06   1.16106740e-06   8.93541170e-07   6.84263992e-07
   5.30596573e-07   4.11633681e-07   3.17142354e-07   2.49810790e-07
   1.96643501e-07   1.56237651e-07   1.24089823e-07   9.69788838e-08], [  14.   39.   64.   89.  114.  139.  164.  189.  214.  239.  264.  289.
  314.  339.  364.  389.  414.  439.  464.  489.], [  9.94888998e-06   9.85019552e-06   7.17207207e-06   5.33447316e-06
   4.08667587e-06   3.38627349e-06   2.51240084e-06   1.93769190e-06
   1.51841846e-06   1.23543923e-06   9.91628531e-07   7.52575657e-07
   5.92549701e-07   4.81801184e-07   3.85202587e-07   3.12350820e-07
   2.47949088e-07   2.01329110e-07   1.62662987e-07   1.32445251e-07], [  14.   39.   64.   89.  114.  139.  164.  189.  214.  239.  264.  289.
  314.  339.  364.  389.  414.  439.  464.  489.], [  8.70533320e-06   8.46276850e-06   6.55089694e-06   4.79118122e-06
   3.77304472e-06   3.18540343e-06   2.49937342e-06   1.91653198e-06
   1.46544007e-06   1.22151021e-06   1.03845423e-06   8.20005837e-07
   6.60170280e-07   5.27246947e-07   4.40818651e-07   3.63258454e-07
   2.98302223e-07   2.50420027e-07   1.99354688e-07   1.65349941e-07], [  14.   39.   64.   89.  114.  139.  164.  189.  214.  239.  264.  289.
  314.  339.  364.  389.  414.  439.  464.  489.], [  6.54348500e-06   7.02173901e-06   5.96437807e-06   4.41587342e-06
   3.49072730e-06   2.93298899e-06   2.42714389e-06   1.91218359e-06
   1.48812041e-06   1.21105157e-06   1.03859309e-06   8.73059914e-07
   7.39834613e-07   5.81836485e-07   4.89472709e-07   4.02116495e-07
   3.38753179e-07   2.87918729e-07   2.37799440e-07   1.97136996e-07], 
[  14.   39.   64.   89.  114.  139.  164.  189.  214.  239.  264.  289.
  314.  339.  364.  389.  414.  439.  464.  489.], [  2.64690996e-04   5.19080109e-05   1.51918091e-05   4.47382959e-06
   1.63609289e-06   7.21269702e-07   3.99515675e-07   3.22378157e-07
   2.88356774e-07   2.71367074e-07   2.67859099e-07   2.58726032e-07
   2.60946595e-07   2.66577018e-07   2.62592040e-07   2.66183725e-07
   2.63991490e-07   2.63795057e-07   2.62931187e-07   2.63238109e-07], [  14.   39.   64.   89.  114.  139.  164.  189.  214.  239.  264.  289.
  314.  339.  364.  389.  414.  439.  464.  489.], [  1.18360337e-04   4.20160877e-05   1.72648150e-05   7.30653064e-06
   3.53375592e-06   1.65054282e-06   7.75401784e-07   3.89559230e-07
   2.22870273e-07   1.43258863e-07   1.04643490e-07   9.05364964e-08
   8.25568743e-08   8.02671754e-08   7.84925550e-08   7.69078119e-08
   7.70174660e-08   7.65264991e-08   7.61831427e-08   7.63557681e-08], [  14.   39.   64.   89.  114.  139.  164.  189.  214.  239.  264.  289.
  314.  339.  364.  389.  414.  439.  464.  489.], [  5.58634393e-05   3.11971205e-05   1.64028240e-05   8.58473455e-06
   5.09511449e-06   2.76412865e-06   1.56349750e-06   9.15154086e-07
   5.40299010e-07   3.16599237e-07   1.96803932e-07   1.25001959e-07
   9.07233543e-08   6.62543022e-08   5.61984795e-08   4.86052052e-08
   4.61225268e-08   4.34047129e-08   4.25322786e-08   4.13618139e-08], [  14.   39.   64.   89.  114.  139.  164.  189.  214.  239.  264.  289.
  314.  339.  364.  389.  414.  439.  464.  489.], [  3.25326735e-05   2.35137209e-05   1.37868435e-05   8.46039166e-06
   5.12018588e-06   3.37377328e-06   2.14851230e-06   1.44273519e-06
   9.39739871e-07   6.04693619e-07   4.01748720e-07   2.62386358e-07
   1.80247184e-07   1.21746936e-07   8.81467363e-08   6.74062065e-08
   5.17549762e-08   4.39542974e-08   3.89560938e-08   3.48725648e-08], [  14.   39.   64.   89.  114.  139.  164.  189.  214.  239.  264.  289.
  314.  339.  364.  389.  414.  439.  464.  489.], [  2.19848616e-05   1.88669430e-05   1.14213899e-05   7.81611166e-06
   4.91735584e-06   3.38723375e-06   2.52386373e-06   1.83313235e-06
   1.22437372e-06   8.66814695e-07   6.18811517e-07   4.33477865e-07
   3.03790804e-07   2.17558979e-07   1.59788601e-07   1.14331742e-07
   8.74435513e-08   6.71533556e-08   5.38937166e-08   4.43911582e-08], [  14.   39.   64.   89.  114.  139.  164.  189.  214.  239.  264.  289.
  314.  339.  364.  389.  414.  439.  464.  489.], [  1.63451948e-05   1.48358998e-05   9.20140064e-06   6.81183726e-06
   4.96147926e-06   3.37760605e-06   2.56074927e-06   1.92939355e-06
   1.38673856e-06   1.03182235e-06   7.85688237e-07   5.82293204e-07
   4.36240912e-07   3.18659696e-07   2.35517670e-07   1.82109988e-07
   1.37915125e-07   1.07898241e-07   8.51612622e-08   6.71053552e-08], [  14.   39.   64.   89.  114.  139.  164.  189.  214.  239.  264.  289.
  314.  339.  364.  389.  414.  439.  464.  489.], [  1.25122148e-05   1.21712125e-05   8.12148228e-06   5.85835093e-06
   4.48825803e-06   3.45654722e-06   2.51594307e-06   1.86878795e-06
   1.52689365e-06   1.15398711e-06   8.92254938e-07   6.91518331e-07
   5.37624939e-07   4.13190737e-07   3.20659448e-07   2.50467954e-07
   1.96616384e-07   1.55961479e-07   1.23359274e-07   9.69416225e-08], [  14.   39.   64.   89.  114.  139.  164.  189.  214.  239.  264.  289.
  314.  339.  364.  389.  414.  439.  464.  489.], [  9.98954763e-06   9.98948091e-06   7.06357608e-06   5.27689315e-06
   4.13796435e-06   3.34362338e-06   2.54461985e-06   1.87920989e-06
   1.51186976e-06   1.23618883e-06   9.80613840e-07   7.59990084e-07
   5.98534833e-07   4.85875845e-07   3.95009164e-07   3.17561262e-07
   2.49676003e-07   2.01448731e-07   1.60799352e-07   1.31495048e-07], [  14.   39.   64.   89.  114.  139.  164.  189.  214.  239.  264.  289.
  314.  339.  364.  389.  414.  439.  464.  489.], [  8.31846617e-06   7.94952883e-06   6.36090502e-06   4.83938338e-06
   3.81102930e-06   3.11605816e-06   2.53125880e-06   1.92377927e-06
   1.45198238e-06   1.23090568e-06   1.03557956e-06   8.12724413e-07
   6.48080701e-07   5.32032115e-07   4.44077778e-07   3.70407096e-07
   3.01220709e-07   2.48298241e-07   2.00204204e-07   1.63575493e-07], [  14.   39.   64.   89.  114.  139.  164.  189.  214.  239.  264.  289.
  314.  339.  364.  389.  414.  439.  464.  489.], [  7.34164541e-06   6.87018688e-06   6.03960679e-06   4.41575556e-06
   3.43156502e-06   2.92445385e-06   2.47363533e-06   1.95219288e-06
   1.48856916e-06   1.22031189e-06   1.04882895e-06   8.70157205e-07
   7.12085334e-07   5.80470711e-07   4.79769607e-07   4.04168889e-07
   3.39098144e-07   2.87778973e-07   2.37095927e-07   1.95549729e-07], 
[  14.   39.   64.   89.  114.  139.  164.  189.  214.  239.  264.  289.
  314.  339.  364.  389.  414.  439.  464.  489.], [  2.69597707e-04   5.58186406e-05   1.59264295e-05   4.61100352e-06
   1.67813183e-06   7.02433853e-07   4.22650421e-07   3.20132330e-07
   2.83627761e-07   2.72858658e-07   2.73322208e-07   2.73212919e-07
   2.72681191e-07   2.70617476e-07   2.62552874e-07   2.68276729e-07
   2.66238134e-07   2.66088507e-07   2.67082938e-07   2.70195326e-07], [  14.   39.   64.   89.  114.  139.  164.  189.  214.  239.  264.  289.
  314.  339.  364.  389.  414.  439.  464.  489.], [  1.19721370e-04   4.21935236e-05   1.80801412e-05   7.50837404e-06
   3.54338690e-06   1.59018646e-06   7.63962850e-07   3.86726260e-07
   2.19653575e-07   1.43569940e-07   1.08265025e-07   9.06106726e-08
   8.19270933e-08   7.99161758e-08   7.89985762e-08   7.68969686e-08
   7.69526014e-08   7.60898055e-08   7.68060786e-08   7.70047208e-08], [  14.   39.   64.   89.  114.  139.  164.  189.  214.  239.  264.  289.
  314.  339.  364.  389.  414.  439.  464.  489.], [  5.43589301e-05   2.88804437e-05   1.65001543e-05   8.36581093e-06
   4.99639997e-06   2.73601480e-06   1.60855775e-06   9.11003108e-07
   5.37779915e-07   3.16215485e-07   1.96612369e-07   1.26916092e-07
   8.74963156e-08   6.74727419e-08   5.57325118e-08   4.87339856e-08
   4.56041382e-08   4.35438326e-08   4.22300790e-08   4.21018674e-08], [  14.   39.   64.   89.  114.  139.  164.  189.  214.  239.  264.  289.
  314.  339.  364.  389.  414.  439.  464.  489.], [  3.02153302e-05   2.24705127e-05   1.37771879e-05   8.31280553e-06
   5.27899989e-06   3.41683531e-06   2.19345025e-06   1.41680632e-06
   9.46253053e-07   6.11258833e-07   4.02051360e-07   2.59766922e-07
   1.76827922e-07   1.25532145e-07   8.93156726e-08   6.56979138e-08
   5.23965905e-08   4.42850635e-08   3.89146466e-08   3.53242801e-08], [  14.   39.   64.   89.  114.  139.  164.  189.  214.  239.  264.  289.
  314.  339.  364.  389.  414.  439.  464.  489.], [  2.32359376e-05   1.77255305e-05   1.09282381e-05   7.69448673e-06
   4.96896306e-06   3.35865796e-06   2.49555202e-06   1.75669677e-06
   1.21545343e-06   8.83972059e-07   6.12391144e-07   4.26369487e-07
   3.02585680e-07   2.22559122e-07   1.63032898e-07   1.15856899e-07
   8.72198257e-08   6.78229911e-08   5.35517289e-08   4.47150067e-08], [  14.   39.   64.   89.  114.  139.  164.  189.  214.  239.  264.  289.
  314.  339.  364.  389.  414.  439.  464.  489.], [  1.75475303e-05   1.52539884e-05   9.10655055e-06   6.79600395e-06
   4.89477588e-06   3.40204675e-06   2.52794097e-06   1.90064989e-06
   1.39280546e-06   1.03101700e-06   7.91478700e-07   5.79515838e-07
   4.30926193e-07   3.18814259e-07   2.43987253e-07   1.78788407e-07
   1.38587878e-07   1.08250192e-07   8.34753499e-08   6.63515976e-08], [  14.   39.   64.   89.  114.  139.  164.  189.  214.  239.  264.  289.
  314.  339.  364.  389.  414.  439.  464.  489.], [  1.30678732e-05   1.25585390e-05   8.06143709e-06   6.01106972e-06
   4.47702998e-06   3.48204656e-06   2.48930906e-06   1.90296909e-06
   1.50506954e-06   1.17734854e-06   9.03695620e-07   6.78099879e-07
   5.42292160e-07   4.14407734e-07   3.18055852e-07   2.49666803e-07
   1.97193958e-07   1.55939950e-07   1.23178509e-07   9.75579204e-08], [  14.   39.   64.   89.  114.  139.  164.  189.  214.  239.  264.  289.
  314.  339.  364.  389.  414.  439.  464.  489.], [  1.04085100e-05   9.71906351e-06   7.16791090e-06   5.25499765e-06
   4.17966207e-06   3.34778050e-06   2.53147488e-06   1.94556459e-06
   1.50196073e-06   1.24810133e-06   9.92234874e-07   7.50045513e-07
   6.02905932e-07   4.81576087e-07   3.88873029e-07   3.13972581e-07
   2.50634136e-07   1.99964177e-07   1.62827445e-07   1.32860166e-07], [  14.   39.   64.   89.  114.  139.  164.  189.  214.  239.  264.  289.
  314.  339.  364.  389.  414.  439.  464.  489.], [  8.49737037e-06   8.34024106e-06   6.36017512e-06   4.80856021e-06
   3.94733890e-06   3.16459830e-06   2.51316535e-06   1.90367490e-06
   1.45305578e-06   1.23514369e-06   1.02224747e-06   8.31742064e-07
   6.59238576e-07   5.33350654e-07   4.37608954e-07   3.68684314e-07
   3.00698375e-07   2.44557911e-07   1.97603281e-07   1.65064600e-07], [  14.   39.   64.   89.  114.  139.  164.  189.  214.  239.  264.  289.
  314.  339.  364.  389.  414.  439.  464.  489.], [  6.99526813e-06   7.17357108e-06   6.00986249e-06   4.40508887e-06
   3.53848024e-06   2.93938781e-06   2.48247628e-06   1.92631474e-06
   1.49631293e-06   1.22050869e-06   1.01522575e-06   8.91401430e-07
   7.30486032e-07   5.86043887e-07   4.81639902e-07   4.02827965e-07
   3.40777485e-07   2.89977334e-07   2.36673767e-07   1.95130871e-07], 
